time (d since explosion)     U     B     V     R    I     J    H     K    bol.
   2.531e+00  -1.533e+01  -1.495e+01  -1.534e+01  -1.555e+01  -1.558e+01  -1.556e+01  -1.515e+01  -1.527e+01  -1.533e+01
   2.649e+00  -1.530e+01  -1.502e+01  -1.548e+01  -1.565e+01  -1.563e+01  -1.555e+01  -1.545e+01  -1.533e+01  -1.540e+01
   2.773e+00  -1.531e+01  -1.512e+01  -1.553e+01  -1.574e+01  -1.578e+01  -1.567e+01  -1.550e+01  -1.553e+01  -1.546e+01
   2.902e+00  -1.531e+01  -1.516e+01  -1.562e+01  -1.586e+01  -1.589e+01  -1.574e+01  -1.581e+01  -1.555e+01  -1.553e+01
   3.038e+00  -1.536e+01  -1.522e+01  -1.577e+01  -1.601e+01  -1.601e+01  -1.585e+01  -1.576e+01  -1.595e+01  -1.561e+01
   3.180e+00  -1.543e+01  -1.526e+01  -1.586e+01  -1.610e+01  -1.615e+01  -1.599e+01  -1.593e+01  -1.582e+01  -1.569e+01
   3.328e+00  -1.545e+01  -1.531e+01  -1.592e+01  -1.619e+01  -1.619e+01  -1.597e+01  -1.594e+01  -1.566e+01  -1.575e+01
   3.484e+00  -1.545e+01  -1.537e+01  -1.603e+01  -1.628e+01  -1.634e+01  -1.613e+01  -1.612e+01  -1.597e+01  -1.582e+01
   3.647e+00  -1.542e+01  -1.537e+01  -1.612e+01  -1.639e+01  -1.639e+01  -1.620e+01  -1.609e+01  -1.617e+01  -1.588e+01
   3.817e+00  -1.545e+01  -1.543e+01  -1.618e+01  -1.644e+01  -1.649e+01  -1.626e+01  -1.629e+01  -1.605e+01  -1.593e+01
   3.996e+00  -1.549e+01  -1.548e+01  -1.627e+01  -1.656e+01  -1.664e+01  -1.632e+01  -1.611e+01  -1.619e+01  -1.601e+01
   4.182e+00  -1.548e+01  -1.548e+01  -1.634e+01  -1.664e+01  -1.669e+01  -1.645e+01  -1.629e+01  -1.633e+01  -1.606e+01
   4.378e+00  -1.549e+01  -1.552e+01  -1.642e+01  -1.673e+01  -1.682e+01  -1.651e+01  -1.631e+01  -1.635e+01  -1.612e+01
   4.582e+00  -1.552e+01  -1.556e+01  -1.646e+01  -1.678e+01  -1.691e+01  -1.654e+01  -1.648e+01  -1.642e+01  -1.618e+01
   4.796e+00  -1.556e+01  -1.558e+01  -1.656e+01  -1.689e+01  -1.697e+01  -1.662e+01  -1.652e+01  -1.645e+01  -1.625e+01
   5.021e+00  -1.555e+01  -1.561e+01  -1.663e+01  -1.696e+01  -1.701e+01  -1.667e+01  -1.663e+01  -1.634e+01  -1.630e+01
   5.255e+00  -1.556e+01  -1.563e+01  -1.666e+01  -1.703e+01  -1.713e+01  -1.674e+01  -1.675e+01  -1.652e+01  -1.636e+01
   5.501e+00  -1.550e+01  -1.561e+01  -1.669e+01  -1.708e+01  -1.721e+01  -1.686e+01  -1.683e+01  -1.678e+01  -1.640e+01
   5.758e+00  -1.553e+01  -1.559e+01  -1.675e+01  -1.714e+01  -1.729e+01  -1.691e+01  -1.697e+01  -1.679e+01  -1.645e+01
   6.027e+00  -1.546e+01  -1.559e+01  -1.677e+01  -1.717e+01  -1.734e+01  -1.700e+01  -1.708e+01  -1.699e+01  -1.648e+01
   6.309e+00  -1.550e+01  -1.560e+01  -1.680e+01  -1.722e+01  -1.740e+01  -1.703e+01  -1.709e+01  -1.683e+01  -1.652e+01
   6.603e+00  -1.543e+01  -1.556e+01  -1.680e+01  -1.726e+01  -1.749e+01  -1.714e+01  -1.718e+01  -1.683e+01  -1.655e+01
   6.912e+00  -1.543e+01  -1.552e+01  -1.681e+01  -1.728e+01  -1.751e+01  -1.712e+01  -1.716e+01  -1.679e+01  -1.655e+01
   7.235e+00  -1.536e+01  -1.549e+01  -1.678e+01  -1.729e+01  -1.756e+01  -1.716e+01  -1.720e+01  -1.675e+01  -1.656e+01
   7.573e+00  -1.526e+01  -1.542e+01  -1.678e+01  -1.731e+01  -1.758e+01  -1.715e+01  -1.729e+01  -1.691e+01  -1.657e+01
   7.927e+00  -1.524e+01  -1.536e+01  -1.673e+01  -1.729e+01  -1.761e+01  -1.719e+01  -1.728e+01  -1.678e+01  -1.656e+01
   8.297e+00  -1.511e+01  -1.531e+01  -1.666e+01  -1.727e+01  -1.765e+01  -1.720e+01  -1.733e+01  -1.675e+01  -1.654e+01
   8.685e+00  -1.502e+01  -1.519e+01  -1.658e+01  -1.722e+01  -1.763e+01  -1.719e+01  -1.733e+01  -1.680e+01  -1.651e+01
   9.091e+00  -1.486e+01  -1.509e+01  -1.647e+01  -1.715e+01  -1.763e+01  -1.721e+01  -1.741e+01  -1.676e+01  -1.647e+01
   9.516e+00  -1.463e+01  -1.492e+01  -1.630e+01  -1.707e+01  -1.763e+01  -1.726e+01  -1.742e+01  -1.676e+01  -1.641e+01
   9.961e+00  -1.438e+01  -1.474e+01  -1.614e+01  -1.696e+01  -1.761e+01  -1.728e+01  -1.745e+01  -1.689e+01  -1.634e+01
   1.043e+01  -1.418e+01  -1.454e+01  -1.597e+01  -1.687e+01  -1.759e+01  -1.734e+01  -1.752e+01  -1.681e+01  -1.629e+01
   1.091e+01  -1.394e+01  -1.434e+01  -1.578e+01  -1.676e+01  -1.756e+01  -1.735e+01  -1.753e+01  -1.688e+01  -1.621e+01
   1.142e+01  -1.358e+01  -1.410e+01  -1.557e+01  -1.663e+01  -1.753e+01  -1.742e+01  -1.758e+01  -1.703e+01  -1.616e+01
   1.196e+01  -1.347e+01  -1.384e+01  -1.539e+01  -1.652e+01  -1.748e+01  -1.743e+01  -1.761e+01  -1.712e+01  -1.609e+01
   1.252e+01  -1.317e+01  -1.363e+01  -1.518e+01  -1.638e+01  -1.741e+01  -1.742e+01  -1.761e+01  -1.720e+01  -1.601e+01
   1.310e+01  -1.287e+01  -1.338e+01  -1.497e+01  -1.624e+01  -1.735e+01  -1.741e+01  -1.762e+01  -1.715e+01  -1.593e+01
   1.371e+01  -1.265e+01  -1.314e+01  -1.476e+01  -1.614e+01  -1.728e+01  -1.738e+01  -1.757e+01  -1.709e+01  -1.584e+01
   1.435e+01  -1.247e+01  -1.291e+01  -1.456e+01  -1.599e+01  -1.718e+01  -1.729e+01  -1.751e+01  -1.692e+01  -1.573e+01
   1.502e+01  -1.220e+01  -1.269e+01  -1.435e+01  -1.584e+01  -1.709e+01  -1.719e+01  -1.739e+01  -1.670e+01  -1.561e+01
   1.573e+01  -1.213e+01  -1.248e+01  -1.420e+01  -1.569e+01  -1.697e+01  -1.709e+01  -1.725e+01  -1.650e+01  -1.550e+01
   1.646e+01  -1.205e+01  -1.240e+01  -1.406e+01  -1.558e+01  -1.678e+01  -1.697e+01  -1.709e+01  -1.638e+01  -1.536e+01
   1.723e+01  -1.183e+01  -1.218e+01  -1.389e+01  -1.539e+01  -1.665e+01  -1.682e+01  -1.695e+01  -1.632e+01  -1.522e+01
   1.804e+01  -1.168e+01  -1.197e+01  -1.379e+01  -1.523e+01  -1.651e+01  -1.668e+01  -1.681e+01  -1.635e+01  -1.508e+01
   1.888e+01  -1.173e+01  -1.195e+01  -1.360e+01  -1.505e+01  -1.633e+01  -1.656e+01  -1.672e+01  -1.637e+01  -1.494e+01
   1.976e+01  -1.151e+01  -1.167e+01  -1.339e+01  -1.489e+01  -1.619e+01  -1.646e+01  -1.668e+01  -1.636e+01  -1.482e+01
   2.068e+01  -1.136e+01  -1.158e+01  -1.319e+01  -1.470e+01  -1.605e+01  -1.641e+01  -1.663e+01  -1.638e+01  -1.471e+01
   2.165e+01  -1.121e+01  -1.142e+01  -1.304e+01  -1.457e+01  -1.594e+01  -1.634e+01  -1.658e+01  -1.633e+01  -1.461e+01
   2.266e+01  -1.103e+01  -1.138e+01  -1.288e+01  -1.438e+01  -1.579e+01  -1.624e+01  -1.648e+01  -1.635e+01  -1.449e+01
   2.372e+01  -1.086e+01  -1.121e+01  -1.281e+01  -1.429e+01  -1.561e+01  -1.612e+01  -1.636e+01  -1.624e+01  -1.437e+01
   2.483e+01  -1.073e+01  -1.101e+01  -1.266e+01  -1.410e+01  -1.552e+01  -1.607e+01  -1.629e+01  -1.612e+01  -1.426e+01
   2.599e+01  -1.052e+01  -1.097e+01  -1.257e+01  -1.403e+01  -1.536e+01  -1.597e+01  -1.614e+01  -1.603e+01  -1.416e+01
   2.721e+01  -1.048e+01  -1.075e+01  -1.243e+01  -1.387e+01  -1.523e+01  -1.583e+01  -1.601e+01  -1.592e+01  -1.402e+01
   2.848e+01  -1.014e+01  -1.070e+01  -1.232e+01  -1.383e+01  -1.518e+01  -1.577e+01  -1.590e+01  -1.587e+01  -1.394e+01
   2.981e+01  -1.010e+01  -1.064e+01  -1.219e+01  -1.364e+01  -1.508e+01  -1.559e+01  -1.575e+01  -1.565e+01  -1.379e+01
   3.120e+01  -1.005e+01  -1.035e+01  -1.216e+01  -1.363e+01  -1.493e+01  -1.554e+01  -1.567e+01  -1.558e+01  -1.371e+01
   3.266e+01  -9.922e+00  -1.031e+01  -1.199e+01  -1.347e+01  -1.487e+01  -1.540e+01  -1.548e+01  -1.540e+01  -1.358e+01
   3.418e+01  -9.840e+00  -1.029e+01  -1.195e+01  -1.334e+01  -1.472e+01  -1.526e+01  -1.533e+01  -1.524e+01  -1.344e+01
   3.578e+01  -9.691e+00  -9.995e+00  -1.181e+01  -1.329e+01  -1.460e+01  -1.518e+01  -1.517e+01  -1.513e+01  -1.334e+01
   3.745e+01  -9.733e+00  -1.010e+01  -1.167e+01  -1.316e+01  -1.454e+01  -1.498e+01  -1.505e+01  -1.500e+01  -1.322e+01
   3.920e+01  -9.401e+00  -9.942e+00  -1.162e+01  -1.312e+01  -1.445e+01  -1.479e+01  -1.486e+01  -1.482e+01  -1.309e+01
   4.104e+01  -9.367e+00  -9.794e+00  -1.146e+01  -1.294e+01  -1.423e+01  -1.469e+01  -1.471e+01  -1.477e+01  -1.293e+01
   4.295e+01  -9.215e+00  -9.529e+00  -1.136e+01  -1.290e+01  -1.415e+01  -1.462e+01  -1.463e+01  -1.464e+01  -1.283e+01
   4.496e+01  -9.050e+00  -9.583e+00  -1.133e+01  -1.274e+01  -1.407e+01  -1.437e+01  -1.444e+01  -1.438e+01  -1.268e+01
   4.706e+01  -8.613e+00  -9.618e+00  -1.127e+01  -1.265e+01  -1.400e+01  -1.416e+01  -1.425e+01  -1.414e+01  -1.254e+01
   4.926e+01  -8.577e+00  -9.183e+00  -1.103e+01  -1.254e+01  -1.380e+01  -1.409e+01  -1.403e+01  -1.407e+01  -1.238e+01
