time (d since explosion)     U     B     V     R    I     J    H     K    bol.
   2.531e+00  -1.580e+01  -1.563e+01  -1.628e+01  -1.655e+01  -1.660e+01  -1.625e+01  -1.623e+01  -1.624e+01  -1.608e+01
   2.649e+00  -1.580e+01  -1.566e+01  -1.636e+01  -1.661e+01  -1.661e+01  -1.636e+01  -1.620e+01  -1.617e+01  -1.611e+01
   2.773e+00  -1.596e+01  -1.577e+01  -1.640e+01  -1.668e+01  -1.688e+01  -1.638e+01  -1.623e+01  -1.631e+01  -1.620e+01
   2.902e+00  -1.581e+01  -1.571e+01  -1.656e+01  -1.681e+01  -1.688e+01  -1.643e+01  -1.657e+01  -1.634e+01  -1.625e+01
   3.038e+00  -1.590e+01  -1.581e+01  -1.657e+01  -1.690e+01  -1.694e+01  -1.658e+01  -1.643e+01  -1.636e+01  -1.632e+01
   3.180e+00  -1.589e+01  -1.587e+01  -1.668e+01  -1.701e+01  -1.707e+01  -1.673e+01  -1.675e+01  -1.665e+01  -1.641e+01
   3.328e+00  -1.592e+01  -1.592e+01  -1.681e+01  -1.710e+01  -1.718e+01  -1.661e+01  -1.672e+01  -1.657e+01  -1.648e+01
   3.484e+00  -1.597e+01  -1.598e+01  -1.689e+01  -1.720e+01  -1.726e+01  -1.670e+01  -1.662e+01  -1.658e+01  -1.654e+01
   3.647e+00  -1.601e+01  -1.601e+01  -1.697e+01  -1.727e+01  -1.734e+01  -1.669e+01  -1.681e+01  -1.665e+01  -1.661e+01
   3.817e+00  -1.603e+01  -1.607e+01  -1.706e+01  -1.736e+01  -1.738e+01  -1.682e+01  -1.690e+01  -1.678e+01  -1.669e+01
   3.996e+00  -1.610e+01  -1.616e+01  -1.717e+01  -1.748e+01  -1.745e+01  -1.684e+01  -1.697e+01  -1.668e+01  -1.677e+01
   4.182e+00  -1.620e+01  -1.624e+01  -1.721e+01  -1.753e+01  -1.755e+01  -1.688e+01  -1.695e+01  -1.694e+01  -1.683e+01
   4.378e+00  -1.616e+01  -1.624e+01  -1.731e+01  -1.764e+01  -1.764e+01  -1.688e+01  -1.698e+01  -1.689e+01  -1.689e+01
   4.582e+00  -1.623e+01  -1.625e+01  -1.740e+01  -1.772e+01  -1.775e+01  -1.698e+01  -1.710e+01  -1.683e+01  -1.697e+01
   4.796e+00  -1.629e+01  -1.635e+01  -1.747e+01  -1.778e+01  -1.778e+01  -1.708e+01  -1.712e+01  -1.697e+01  -1.703e+01
   5.021e+00  -1.626e+01  -1.637e+01  -1.755e+01  -1.786e+01  -1.783e+01  -1.710e+01  -1.724e+01  -1.717e+01  -1.709e+01
   5.255e+00  -1.639e+01  -1.647e+01  -1.762e+01  -1.794e+01  -1.792e+01  -1.717e+01  -1.729e+01  -1.719e+01  -1.717e+01
   5.501e+00  -1.637e+01  -1.650e+01  -1.770e+01  -1.799e+01  -1.794e+01  -1.721e+01  -1.740e+01  -1.716e+01  -1.722e+01
   5.758e+00  -1.639e+01  -1.653e+01  -1.775e+01  -1.805e+01  -1.802e+01  -1.730e+01  -1.753e+01  -1.731e+01  -1.727e+01
   6.027e+00  -1.639e+01  -1.656e+01  -1.782e+01  -1.809e+01  -1.808e+01  -1.731e+01  -1.744e+01  -1.741e+01  -1.730e+01
   6.309e+00  -1.640e+01  -1.655e+01  -1.784e+01  -1.812e+01  -1.812e+01  -1.741e+01  -1.747e+01  -1.725e+01  -1.733e+01
   6.603e+00  -1.634e+01  -1.651e+01  -1.784e+01  -1.812e+01  -1.812e+01  -1.737e+01  -1.746e+01  -1.726e+01  -1.731e+01
   6.912e+00  -1.630e+01  -1.650e+01  -1.785e+01  -1.813e+01  -1.817e+01  -1.735e+01  -1.748e+01  -1.728e+01  -1.732e+01
   7.235e+00  -1.627e+01  -1.649e+01  -1.784e+01  -1.814e+01  -1.819e+01  -1.736e+01  -1.747e+01  -1.714e+01  -1.733e+01
   7.573e+00  -1.618e+01  -1.641e+01  -1.781e+01  -1.812e+01  -1.819e+01  -1.733e+01  -1.759e+01  -1.715e+01  -1.730e+01
   7.927e+00  -1.611e+01  -1.637e+01  -1.777e+01  -1.811e+01  -1.821e+01  -1.734e+01  -1.751e+01  -1.724e+01  -1.729e+01
   8.297e+00  -1.600e+01  -1.624e+01  -1.766e+01  -1.807e+01  -1.821e+01  -1.733e+01  -1.759e+01  -1.713e+01  -1.723e+01
   8.685e+00  -1.584e+01  -1.614e+01  -1.760e+01  -1.804e+01  -1.821e+01  -1.731e+01  -1.762e+01  -1.730e+01  -1.720e+01
   9.091e+00  -1.568e+01  -1.598e+01  -1.749e+01  -1.799e+01  -1.822e+01  -1.734e+01  -1.770e+01  -1.716e+01  -1.716e+01
   9.516e+00  -1.546e+01  -1.586e+01  -1.734e+01  -1.794e+01  -1.824e+01  -1.737e+01  -1.777e+01  -1.724e+01  -1.711e+01
   9.961e+00  -1.526e+01  -1.570e+01  -1.721e+01  -1.787e+01  -1.827e+01  -1.742e+01  -1.779e+01  -1.724e+01  -1.707e+01
   1.043e+01  -1.506e+01  -1.554e+01  -1.707e+01  -1.784e+01  -1.826e+01  -1.746e+01  -1.789e+01  -1.727e+01  -1.703e+01
   1.091e+01  -1.488e+01  -1.543e+01  -1.696e+01  -1.778e+01  -1.829e+01  -1.751e+01  -1.801e+01  -1.743e+01  -1.701e+01
   1.142e+01  -1.466e+01  -1.525e+01  -1.681e+01  -1.771e+01  -1.826e+01  -1.755e+01  -1.811e+01  -1.761e+01  -1.696e+01
   1.196e+01  -1.444e+01  -1.510e+01  -1.672e+01  -1.769e+01  -1.827e+01  -1.756e+01  -1.816e+01  -1.765e+01  -1.695e+01
   1.252e+01  -1.413e+01  -1.497e+01  -1.660e+01  -1.763e+01  -1.826e+01  -1.760e+01  -1.832e+01  -1.768e+01  -1.692e+01
   1.310e+01  -1.395e+01  -1.476e+01  -1.648e+01  -1.756e+01  -1.821e+01  -1.759e+01  -1.830e+01  -1.789e+01  -1.688e+01
   1.371e+01  -1.371e+01  -1.463e+01  -1.637e+01  -1.752e+01  -1.815e+01  -1.754e+01  -1.832e+01  -1.775e+01  -1.683e+01
   1.435e+01  -1.352e+01  -1.445e+01  -1.625e+01  -1.746e+01  -1.808e+01  -1.748e+01  -1.833e+01  -1.783e+01  -1.678e+01
   1.502e+01  -1.331e+01  -1.428e+01  -1.620e+01  -1.740e+01  -1.798e+01  -1.736e+01  -1.822e+01  -1.769e+01  -1.669e+01
   1.573e+01  -1.298e+01  -1.412e+01  -1.612e+01  -1.733e+01  -1.786e+01  -1.722e+01  -1.809e+01  -1.748e+01  -1.660e+01
   1.646e+01  -1.312e+01  -1.399e+01  -1.605e+01  -1.725e+01  -1.770e+01  -1.710e+01  -1.791e+01  -1.714e+01  -1.648e+01
   1.723e+01  -1.279e+01  -1.388e+01  -1.596e+01  -1.712e+01  -1.752e+01  -1.699e+01  -1.761e+01  -1.687e+01  -1.632e+01
   1.804e+01  -1.276e+01  -1.377e+01  -1.586e+01  -1.695e+01  -1.732e+01  -1.685e+01  -1.732e+01  -1.660e+01  -1.615e+01
   1.888e+01  -1.255e+01  -1.359e+01  -1.574e+01  -1.679e+01  -1.716e+01  -1.678e+01  -1.696e+01  -1.614e+01  -1.598e+01
   1.976e+01  -1.239e+01  -1.352e+01  -1.563e+01  -1.658e+01  -1.701e+01  -1.676e+01  -1.670e+01  -1.589e+01  -1.582e+01
   2.068e+01  -1.215e+01  -1.328e+01  -1.550e+01  -1.643e+01  -1.693e+01  -1.674e+01  -1.663e+01  -1.585e+01  -1.570e+01
   2.165e+01  -1.218e+01  -1.318e+01  -1.542e+01  -1.626e+01  -1.685e+01  -1.661e+01  -1.643e+01  -1.548e+01  -1.555e+01
   2.266e+01  -1.200e+01  -1.294e+01  -1.526e+01  -1.608e+01  -1.678e+01  -1.656e+01  -1.631e+01  -1.541e+01  -1.542e+01
   2.372e+01  -1.182e+01  -1.284e+01  -1.511e+01  -1.592e+01  -1.675e+01  -1.638e+01  -1.626e+01  -1.534e+01  -1.532e+01
   2.483e+01  -1.158e+01  -1.274e+01  -1.499e+01  -1.578e+01  -1.670e+01  -1.621e+01  -1.611e+01  -1.521e+01  -1.520e+01
   2.599e+01  -1.152e+01  -1.265e+01  -1.483e+01  -1.563e+01  -1.663e+01  -1.615e+01  -1.616e+01  -1.529e+01  -1.510e+01
   2.721e+01  -1.168e+01  -1.240e+01  -1.473e+01  -1.553e+01  -1.657e+01  -1.600e+01  -1.595e+01  -1.503e+01  -1.500e+01
   2.848e+01  -1.097e+01  -1.224e+01  -1.449e+01  -1.536e+01  -1.650e+01  -1.593e+01  -1.579e+01  -1.519e+01  -1.487e+01
   2.981e+01  -1.089e+01  -1.217e+01  -1.448e+01  -1.521e+01  -1.640e+01  -1.579e+01  -1.564e+01  -1.477e+01  -1.476e+01
   3.120e+01  -1.086e+01  -1.203e+01  -1.434e+01  -1.508e+01  -1.636e+01  -1.570e+01  -1.558e+01  -1.488e+01  -1.467e+01
   3.266e+01  -1.095e+01  -1.203e+01  -1.426e+01  -1.499e+01  -1.626e+01  -1.549e+01  -1.533e+01  -1.456e+01  -1.455e+01
   3.418e+01  -1.070e+01  -1.177e+01  -1.414e+01  -1.482e+01  -1.615e+01  -1.538e+01  -1.525e+01  -1.449e+01  -1.442e+01
   3.578e+01  -1.052e+01  -1.156e+01  -1.401e+01  -1.469e+01  -1.605e+01  -1.535e+01  -1.515e+01  -1.444e+01  -1.431e+01
   3.745e+01  -1.038e+01  -1.152e+01  -1.392e+01  -1.460e+01  -1.600e+01  -1.513e+01  -1.485e+01  -1.438e+01  -1.422e+01
   3.920e+01  -1.041e+01  -1.136e+01  -1.384e+01  -1.454e+01  -1.593e+01  -1.498e+01  -1.470e+01  -1.411e+01  -1.413e+01
   4.104e+01  -1.022e+01  -1.144e+01  -1.380e+01  -1.441e+01  -1.583e+01  -1.487e+01  -1.459e+01  -1.386e+01  -1.402e+01
   4.295e+01  -1.004e+01  -1.123e+01  -1.367e+01  -1.427e+01  -1.570e+01  -1.466e+01  -1.441e+01  -1.387e+01  -1.388e+01
   4.496e+01  -1.017e+01  -1.117e+01  -1.361e+01  -1.414e+01  -1.565e+01  -1.460e+01  -1.436e+01  -1.341e+01  -1.380e+01
   4.706e+01  -1.004e+01  -1.113e+01  -1.353e+01  -1.397e+01  -1.550e+01  -1.441e+01  -1.414e+01  -1.333e+01  -1.365e+01
   4.926e+01  -9.847e+00  -1.120e+01  -1.340e+01  -1.386e+01  -1.545e+01  -1.424e+01  -1.384e+01  -1.317e+01  -1.355e+01
