time (d since explosion)     U     B     V     R    I     J    H     K    bol.
   2.531e+00  -1.524e+01  -1.530e+01  -1.609e+01  -1.625e+01  -1.626e+01  -1.601e+01  -1.554e+01  -1.597e+01  -1.570e+01
   2.649e+00  -1.513e+01  -1.528e+01  -1.610e+01  -1.630e+01  -1.628e+01  -1.589e+01  -1.585e+01  -1.599e+01  -1.571e+01
   2.773e+00  -1.522e+01  -1.530e+01  -1.618e+01  -1.642e+01  -1.642e+01  -1.593e+01  -1.584e+01  -1.581e+01  -1.579e+01
   2.902e+00  -1.525e+01  -1.529e+01  -1.631e+01  -1.648e+01  -1.649e+01  -1.614e+01  -1.617e+01  -1.586e+01  -1.585e+01
   3.038e+00  -1.521e+01  -1.530e+01  -1.628e+01  -1.658e+01  -1.662e+01  -1.627e+01  -1.613e+01  -1.574e+01  -1.591e+01
   3.180e+00  -1.519e+01  -1.537e+01  -1.640e+01  -1.667e+01  -1.668e+01  -1.614e+01  -1.625e+01  -1.618e+01  -1.596e+01
   3.328e+00  -1.525e+01  -1.542e+01  -1.652e+01  -1.678e+01  -1.681e+01  -1.626e+01  -1.615e+01  -1.624e+01  -1.607e+01
   3.484e+00  -1.525e+01  -1.539e+01  -1.658e+01  -1.684e+01  -1.686e+01  -1.637e+01  -1.620e+01  -1.613e+01  -1.610e+01
   3.647e+00  -1.531e+01  -1.553e+01  -1.669e+01  -1.695e+01  -1.694e+01  -1.643e+01  -1.637e+01  -1.613e+01  -1.620e+01
   3.817e+00  -1.518e+01  -1.551e+01  -1.673e+01  -1.702e+01  -1.698e+01  -1.654e+01  -1.643e+01  -1.650e+01  -1.625e+01
   3.996e+00  -1.530e+01  -1.555e+01  -1.683e+01  -1.712e+01  -1.709e+01  -1.655e+01  -1.646e+01  -1.641e+01  -1.632e+01
   4.182e+00  -1.537e+01  -1.561e+01  -1.687e+01  -1.722e+01  -1.721e+01  -1.657e+01  -1.651e+01  -1.651e+01  -1.640e+01
   4.378e+00  -1.536e+01  -1.567e+01  -1.696e+01  -1.729e+01  -1.724e+01  -1.662e+01  -1.662e+01  -1.631e+01  -1.646e+01
   4.582e+00  -1.535e+01  -1.564e+01  -1.700e+01  -1.737e+01  -1.733e+01  -1.669e+01  -1.671e+01  -1.651e+01  -1.651e+01
   4.796e+00  -1.543e+01  -1.573e+01  -1.711e+01  -1.744e+01  -1.740e+01  -1.668e+01  -1.662e+01  -1.662e+01  -1.659e+01
   5.021e+00  -1.550e+01  -1.577e+01  -1.718e+01  -1.754e+01  -1.747e+01  -1.679e+01  -1.677e+01  -1.634e+01  -1.666e+01
   5.255e+00  -1.560e+01  -1.586e+01  -1.724e+01  -1.759e+01  -1.753e+01  -1.669e+01  -1.680e+01  -1.645e+01  -1.671e+01
   5.501e+00  -1.562e+01  -1.591e+01  -1.730e+01  -1.765e+01  -1.757e+01  -1.675e+01  -1.669e+01  -1.670e+01  -1.677e+01
   5.758e+00  -1.554e+01  -1.596e+01  -1.742e+01  -1.775e+01  -1.766e+01  -1.680e+01  -1.682e+01  -1.665e+01  -1.685e+01
   6.027e+00  -1.564e+01  -1.597e+01  -1.747e+01  -1.779e+01  -1.768e+01  -1.673e+01  -1.687e+01  -1.657e+01  -1.688e+01
   6.309e+00  -1.562e+01  -1.603e+01  -1.751e+01  -1.782e+01  -1.772e+01  -1.675e+01  -1.680e+01  -1.658e+01  -1.692e+01
   6.603e+00  -1.560e+01  -1.603e+01  -1.758e+01  -1.790e+01  -1.777e+01  -1.668e+01  -1.703e+01  -1.659e+01  -1.696e+01
   6.912e+00  -1.568e+01  -1.606e+01  -1.760e+01  -1.792e+01  -1.783e+01  -1.672e+01  -1.688e+01  -1.659e+01  -1.699e+01
   7.235e+00  -1.567e+01  -1.606e+01  -1.763e+01  -1.794e+01  -1.785e+01  -1.664e+01  -1.678e+01  -1.662e+01  -1.701e+01
   7.573e+00  -1.565e+01  -1.606e+01  -1.766e+01  -1.797e+01  -1.786e+01  -1.667e+01  -1.691e+01  -1.648e+01  -1.703e+01
   7.927e+00  -1.565e+01  -1.605e+01  -1.771e+01  -1.800e+01  -1.789e+01  -1.667e+01  -1.692e+01  -1.624e+01  -1.705e+01
   8.297e+00  -1.557e+01  -1.605e+01  -1.770e+01  -1.800e+01  -1.790e+01  -1.657e+01  -1.691e+01  -1.651e+01  -1.705e+01
   8.685e+00  -1.550e+01  -1.603e+01  -1.770e+01  -1.802e+01  -1.796e+01  -1.656e+01  -1.692e+01  -1.650e+01  -1.706e+01
   9.091e+00  -1.541e+01  -1.598e+01  -1.767e+01  -1.800e+01  -1.795e+01  -1.656e+01  -1.705e+01  -1.632e+01  -1.704e+01
   9.516e+00  -1.540e+01  -1.594e+01  -1.766e+01  -1.799e+01  -1.798e+01  -1.655e+01  -1.709e+01  -1.630e+01  -1.704e+01
   9.961e+00  -1.530e+01  -1.589e+01  -1.759e+01  -1.798e+01  -1.797e+01  -1.660e+01  -1.710e+01  -1.618e+01  -1.701e+01
   1.043e+01  -1.517e+01  -1.576e+01  -1.752e+01  -1.794e+01  -1.799e+01  -1.658e+01  -1.719e+01  -1.616e+01  -1.698e+01
   1.091e+01  -1.498e+01  -1.566e+01  -1.739e+01  -1.788e+01  -1.803e+01  -1.658e+01  -1.719e+01  -1.633e+01  -1.694e+01
   1.142e+01  -1.475e+01  -1.555e+01  -1.727e+01  -1.783e+01  -1.801e+01  -1.663e+01  -1.725e+01  -1.630e+01  -1.689e+01
   1.196e+01  -1.454e+01  -1.539e+01  -1.714e+01  -1.777e+01  -1.803e+01  -1.668e+01  -1.735e+01  -1.635e+01  -1.685e+01
   1.252e+01  -1.445e+01  -1.523e+01  -1.699e+01  -1.769e+01  -1.802e+01  -1.669e+01  -1.744e+01  -1.639e+01  -1.679e+01
   1.310e+01  -1.418e+01  -1.507e+01  -1.683e+01  -1.763e+01  -1.802e+01  -1.673e+01  -1.755e+01  -1.644e+01  -1.674e+01
   1.371e+01  -1.394e+01  -1.492e+01  -1.669e+01  -1.755e+01  -1.799e+01  -1.676e+01  -1.765e+01  -1.658e+01  -1.669e+01
   1.435e+01  -1.369e+01  -1.474e+01  -1.656e+01  -1.750e+01  -1.799e+01  -1.673e+01  -1.769e+01  -1.670e+01  -1.665e+01
   1.502e+01  -1.348e+01  -1.456e+01  -1.642e+01  -1.743e+01  -1.796e+01  -1.671e+01  -1.776e+01  -1.672e+01  -1.660e+01
   1.573e+01  -1.327e+01  -1.437e+01  -1.631e+01  -1.739e+01  -1.791e+01  -1.668e+01  -1.783e+01  -1.693e+01  -1.655e+01
   1.646e+01  -1.305e+01  -1.425e+01  -1.620e+01  -1.733e+01  -1.786e+01  -1.659e+01  -1.790e+01  -1.687e+01  -1.650e+01
   1.723e+01  -1.278e+01  -1.408e+01  -1.609e+01  -1.724e+01  -1.775e+01  -1.651e+01  -1.786e+01  -1.700e+01  -1.642e+01
   1.804e+01  -1.271e+01  -1.396e+01  -1.597e+01  -1.718e+01  -1.764e+01  -1.632e+01  -1.784e+01  -1.708e+01  -1.634e+01
   1.888e+01  -1.235e+01  -1.368e+01  -1.582e+01  -1.706e+01  -1.749e+01  -1.623e+01  -1.767e+01  -1.686e+01  -1.619e+01
   1.976e+01  -1.241e+01  -1.353e+01  -1.564e+01  -1.687e+01  -1.729e+01  -1.595e+01  -1.748e+01  -1.658e+01  -1.601e+01
   2.068e+01  -1.203e+01  -1.328e+01  -1.545e+01  -1.667e+01  -1.710e+01  -1.591e+01  -1.716e+01  -1.624e+01  -1.580e+01
   2.165e+01  -1.191e+01  -1.301e+01  -1.520e+01  -1.642e+01  -1.691e+01  -1.562e+01  -1.685e+01  -1.555e+01  -1.555e+01
   2.266e+01  -1.164e+01  -1.282e+01  -1.501e+01  -1.620e+01  -1.672e+01  -1.547e+01  -1.643e+01  -1.470e+01  -1.531e+01
   2.372e+01  -1.083e+01  -1.260e+01  -1.485e+01  -1.595e+01  -1.658e+01  -1.517e+01  -1.606e+01  -1.459e+01  -1.510e+01
   2.483e+01  -1.115e+01  -1.242e+01  -1.465e+01  -1.578e+01  -1.648e+01  -1.514e+01  -1.571e+01  -1.444e+01  -1.495e+01
   2.599e+01  -1.092e+01  -1.218e+01  -1.448e+01  -1.555e+01  -1.639e+01  -1.490e+01  -1.540e+01  -1.414e+01  -1.476e+01
   2.721e+01  -1.081e+01  -1.196e+01  -1.425e+01  -1.534e+01  -1.632e+01  -1.487e+01  -1.516e+01  -1.387e+01  -1.462e+01
   2.848e+01  -1.098e+01  -1.177e+01  -1.409e+01  -1.515e+01  -1.619e+01  -1.478e+01  -1.491e+01  -1.420e+01  -1.447e+01
   2.981e+01  -1.041e+01  -1.157e+01  -1.389e+01  -1.503e+01  -1.608e+01  -1.468e+01  -1.490e+01  -1.356e+01  -1.434e+01
   3.120e+01  -1.008e+01  -1.139e+01  -1.374e+01  -1.482e+01  -1.597e+01  -1.451e+01  -1.456e+01  -1.357e+01  -1.419e+01
   3.266e+01  -1.041e+01  -1.129e+01  -1.359e+01  -1.464e+01  -1.585e+01  -1.450e+01  -1.427e+01  -1.351e+01  -1.405e+01
   3.418e+01  -9.706e+00  -1.099e+01  -1.345e+01  -1.452e+01  -1.571e+01  -1.423e+01  -1.398e+01  -1.340e+01  -1.391e+01
   3.578e+01  -9.638e+00  -1.101e+01  -1.333e+01  -1.435e+01  -1.558e+01  -1.412e+01  -1.388e+01  -1.339e+01  -1.378e+01
   3.745e+01  -1.003e+01  -1.078e+01  -1.323e+01  -1.426e+01  -1.548e+01  -1.416e+01  -1.389e+01  -1.352e+01  -1.367e+01
   3.920e+01  -9.610e+00  -1.064e+01  -1.312e+01  -1.409e+01  -1.534e+01  -1.403e+01  -1.382e+01  -1.300e+01  -1.354e+01
   4.104e+01  -9.574e+00  -1.051e+01  -1.295e+01  -1.391e+01  -1.516e+01  -1.403e+01  -1.371e+01  -1.341e+01  -1.338e+01
   4.295e+01  -9.381e+00  -1.033e+01  -1.285e+01  -1.381e+01  -1.506e+01  -1.390e+01  -1.352e+01  -1.300e+01  -1.327e+01
   4.496e+01  -8.506e+00  -1.012e+01  -1.271e+01  -1.365e+01  -1.496e+01  -1.374e+01  -1.302e+01  -1.289e+01  -1.312e+01
   4.706e+01  -8.567e+00  -1.016e+01  -1.247e+01  -1.350e+01  -1.477e+01  -1.345e+01  -1.308e+01  -1.240e+01  -1.295e+01
   4.926e+01  -9.186e+00  -9.984e+00  -1.229e+01  -1.339e+01  -1.466e+01  -1.366e+01  -1.286e+01  -1.241e+01  -1.286e+01
