#    day                       V                                R
1.000000000000000000e+00 1.893234912880502563e+01	 1.737735315044013973e+01
2.000000000000000000e+00 1.775123654878866475e+01	 1.651308169336940068e+01
3.000000000000000000e+00 1.656756954195805065e+01	 1.564881022642653718e+01
4.000000000000000000e+00 1.532070858024272120e+01	 1.478454313900287431e+01
5.000000000000000000e+00 1.406961302992948326e+01	 1.392403769185608908e+01
6.000000000000000000e+00 1.334239223261305618e+01	 1.329112000196709609e+01
7.000000000000000000e+00 1.281321453353200823e+01	 1.277016080798661513e+01
8.000000000000000000e+00 1.250544255387789327e+01	 1.245576039508308241e+01
9.000000000000000000e+00 1.230885422449624578e+01	 1.225596562430900960e+01
1.000000000000000000e+01 1.215160958768359123e+01	 1.207806945396480280e+01
1.100000000000000000e+01 1.208167355971267654e+01	 1.200863466293687409e+01
1.200000000000000000e+01 1.202915462560344295e+01	 1.195117933135218280e+01
1.300000000000000000e+01 1.199946408781766038e+01	 1.189985264154293532e+01
1.400000000000000000e+01 1.201929054186074275e+01	 1.190502048350609599e+01
1.500000000000000000e+01 1.209588811904136030e+01	 1.195263801718329510e+01
1.600000000000000000e+01 1.218195901692474159e+01	 1.200682547463883587e+01
1.700000000000000000e+01 1.230164530188741878e+01	 1.209064749146622120e+01
1.800000000000000000e+01 1.243927415678959214e+01	 1.218539161526727277e+01
1.900000000000000000e+01 1.259730972311611019e+01	 1.229045944523385181e+01
2.000000000000000000e+01 1.279776446638228649e+01	 1.246155664047515543e+01
2.100000000000000000e+01 1.291356512271301327e+01	 1.254758950484576729e+01
2.200000000000000000e+01 1.303146632050115983e+01	 1.264388316756443409e+01
2.300000000000000000e+01 1.314664749965195512e+01	 1.274604066922746348e+01
2.400000000000000000e+01 1.325762536865428132e+01	 1.285048641965482119e+01
2.500000000000000000e+01 1.336485830553462506e+01	 1.295558402977865597e+01
2.600000000000000000e+01 1.346913385812857022e+01	 1.306069850799093501e+01
2.700000000000000000e+01 1.357100369690232355e+01	 1.316538966483653539e+01
2.800000000000000000e+01 1.367069992772330522e+01	 1.326905460297558470e+01
2.900000000000000000e+01 1.376814636306699668e+01	 1.337084765853466450e+01
3.000000000000000000e+01 1.386296488473223398e+01	 1.346977278973469616e+01
3.100000000000000000e+01 1.395445723692228057e+01	 1.356480525920255786e+01
3.200000000000000000e+01 1.404154755838846214e+01	 1.365488667254848743e+01
3.300000000000000000e+01 1.412272772174045876e+01	 1.373882996449323279e+01
3.400000000000000000e+01 1.419618301597547294e+01	 1.381537867293279476e+01
3.500000000000000000e+01 1.426035294885812910e+01	 1.388364981951460564e+01
3.600000000000000000e+01 1.431487220657492188e+01	 1.394381279265988383e+01
3.700000000000000000e+01 1.436114562883801682e+01	 1.399729694092139454e+01
3.800000000000000000e+01 1.440187089860745218e+01	 1.404605234308084150e+01
3.900000000000000000e+01 1.444004857992280222e+01	 1.409157851288697927e+01
4.000000000000000000e+01 1.447825969719785633e+01	 1.413486230697667523e+01
4.100000000000000000e+01 1.451785339499142502e+01	 1.417711314109320497e+01
4.200000000000000000e+01 1.455855796887259146e+01	 1.421960620131932274e+01
4.300000000000000000e+01 1.459964115774789128e+01	 1.426279583660807582e+01
4.400000000000000000e+01 1.464081034730543784e+01	 1.430657361412684025e+01
4.500000000000000000e+01 1.468199361550539273e+01	 1.435092282187502732e+01
4.600000000000000000e+01 1.472306035720337647e+01	 1.439590944409545159e+01
4.700000000000000000e+01 1.476395970798040302e+01	 1.444100723648308993e+01
4.800000000000000000e+01 1.480506613562597451e+01	 1.448442193027095826e+01
4.900000000000000000e+01 1.484685773006348342e+01	 1.452389199606679782e+01
5.000000000000000000e+01 1.488879315606633824e+01	 1.455859374994401279e+01
5.100000000000000000e+01 1.492911059708354848e+01	 1.458947179482293777e+01
5.200000000000000000e+01 1.496609586897199762e+01	 1.461808219272436560e+01
5.300000000000000000e+01 1.499926417208831531e+01	 1.464572472095731293e+01
5.400000000000000000e+01 1.502932281855970587e+01	 1.467319672304803468e+01
5.500000000000000000e+01 1.505736063043435280e+01	 1.470086781057584879e+01
5.600000000000000000e+01 1.508422588690566357e+01	 1.472885487550400185e+01
5.700000000000000000e+01 1.511038766916539977e+01	 1.475716942565060386e+01
5.800000000000000000e+01 1.513604924784861083e+01	 1.478579565056281098e+01
5.900000000000000000e+01 1.516126922385781306e+01	 1.481468503110220780e+01
6.000000000000000000e+01 1.518599748528541404e+01	 1.484365119622398943e+01
6.100000000000000000e+01 1.521011362777933584e+01	 1.487229135326676577e+01
6.200000000000000000e+01 1.523361171103764633e+01	 1.490020929372376912e+01
6.300000000000000000e+01 1.525674882561536272e+01	 1.492734946949047981e+01
6.400000000000000000e+01 1.527992381152157719e+01	 1.495395291845748709e+01
6.500000000000000000e+01 1.530350781638298940e+01	 1.498030823373592213e+01
6.600000000000000000e+01 1.532784242094512805e+01	 1.500664819859505528e+01
6.700000000000000000e+01 1.535334103588152921e+01	 1.503315840733290365e+01
6.800000000000000000e+01 1.538051472929759100e+01	 1.505988867642157025e+01
6.900000000000000000e+01 1.540973788502580177e+01	 1.508645552350502683e+01
7.000000000000000000e+01 1.544084303932877944e+01	 1.511184845915442665e+01
7.100000000000000000e+01 1.547306319750537362e+01	 1.513484973596906968e+01
7.200000000000000000e+01 1.550547983846173850e+01	 1.515473182194902968e+01
7.300000000000000000e+01 1.553741390640555764e+01	 1.517142979466928665e+01
7.400000000000000000e+01 1.556845132586556879e+01	 1.518523903185560542e+01
7.500000000000000000e+01 1.559829978177980792e+01	 1.519655858996280706e+01
7.600000000000000000e+01 1.562668150907923170e+01	 1.520589809452835439e+01
7.700000000000000000e+01 1.565333790493293620e+01	 1.521404173936809734e+01
7.800000000000000000e+01 1.567814296727914325e+01	 1.522208669059305031e+01
7.900000000000000000e+01 1.570122190077043989e+01	 1.523113804008170113e+01
8.000000000000000000e+01 1.572293337229741184e+01	 1.524185283644486510e+01
8.100000000000000000e+01 1.574371709656100471e+01	 1.525427516444404041e+01
8.200000000000000000e+01 1.576394672737680658e+01	 1.526805135668440805e+01
8.300000000000000000e+01 1.578387531058152327e+01	 1.528273434770375161e+01
8.400000000000000000e+01 1.580365102492066320e+01	 1.529795811004572492e+01
8.500000000000000000e+01 1.582335301972229047e+01	 1.531347795559100433e+01
8.600000000000000000e+01 1.584302108538862086e+01	 1.532914883613587165e+01
8.700000000000000000e+01 1.586267429269426188e+01	 1.534489175981163100e+01
8.800000000000000000e+01 1.588232135185102933e+01	 1.536066673755825285e+01
8.900000000000000000e+01 1.590196602537011117e+01	 1.537645495696462206e+01
9.000000000000000000e+01 1.592160983618616399e+01	 1.539224823367793604e+01
9.100000000000000000e+01 1.594125335730625537e+01	 1.540804329113024451e+01
9.200000000000000000e+01 1.596089678745827456e+01	 1.542383892658928168e+01
9.300000000000000000e+01 1.598054018749413707e+01	 1.543963473807225206e+01
9.400000000000000000e+01 1.600018356487204585e+01	 1.545543061137555796e+01
9.500000000000000000e+01 1.601982688709774649e+01	 1.547122654605289682e+01
9.600000000000000000e+01 1.603947004182356650e+01	 1.548702263806605472e+01
9.700000000000000000e+01 1.605911271291007836e+01	 1.550281917790963959e+01
9.800000000000000000e+01 1.607875408512994753e+01	 1.551861691918879593e+01
9.900000000000000000e+01 1.609839220578460228e+01	 1.553441766806712465e+01
1.000000000000000000e+02 1.611802270065964393e+01	 1.555022547142293732e+01
1.010000000000000000e+02 1.613593066110612995e+01	 1.556763385855556692e+01
1.020000000000000000e+02 1.615495682550896817e+01	 1.558400075904922488e+01
1.030000000000000000e+02 1.617381601036376537e+01	 1.560052384319516960e+01
1.040000000000000000e+02 1.619248439223648717e+01	 1.561722500940133962e+01
1.050000000000000000e+02 1.621094169421198572e+01	 1.563412299353053569e+01
1.060000000000000000e+02 1.622917301151746017e+01	 1.565123160030060667e+01
1.070000000000000000e+02 1.624716994667310743e+01	 1.566855859357907121e+01
1.080000000000000000e+02 1.626493083140827878e+01	 1.568610545695936231e+01
1.090000000000000000e+02 1.628246006117159084e+01	 1.570386800117493209e+01
1.100000000000000000e+02 1.629976679295744191e+01	 1.572183758117336794e+01
1.110000000000000000e+02 1.631686337146048160e+01	 1.574000257622444465e+01
1.120000000000000000e+02 1.633376383122974218e+01	 1.575834980214035497e+01
1.130000000000000000e+02 1.635048271435197620e+01	 1.577686562716237972e+01
1.140000000000000000e+02 1.636703430770633361e+01	 1.579553669185238363e+01
1.150000000000000000e+02 1.638343228925988626e+01	 1.581435024220586527e+01
1.160000000000000000e+02 1.639968969847814861e+01	 1.583329415570518606e+01
1.170000000000000000e+02 1.641581910966158731e+01	 1.585235677423369438e+01
1.180000000000000000e+02 1.643183287983788077e+01	 1.587152666455368433e+01
1.190000000000000000e+02 1.644774335771839091e+01	 1.589079241330889403e+01
1.200000000000000000e+02 1.646356297285535319e+01	 1.591014253331004191e+01
1.210000000000000000e+02 1.647930416902432782e+01	 1.592956551613865201e+01
1.220000000000000000e+02 1.649497919347606967e+01	 1.594905002152289164e+01
1.230000000000000000e+02 1.651059979200103101e+01	 1.596858515768215803e+01
1.240000000000000000e+02 1.652617687907044441e+01	 1.598816078807746166e+01
1.250000000000000000e+02 1.654172024988112710e+01	 1.600776780161017143e+01
1.260000000000000000e+02 1.655723838182837326e+01	 1.602739830094478535e+01
1.270000000000000000e+02 1.657273834617840436e+01	 1.604704568856418234e+01
1.280000000000000000e+02 1.658822582583264094e+01	 1.606670465361150946e+01
1.290000000000000000e+02 1.660370521796966159e+01	 1.608637107886869444e+01
1.300000000000000000e+02 1.661917979264100609e+01	 1.610604189471920478e+01
1.310000000000000000e+02 1.663465187854030702e+01	 1.612571490701672161e+01
