#  days                          V                            R
0.000000000000000000e+00 1.647992601018471248e+01	 1.652662356922607856e+01
1.000000000000000000e+00 1.560538784836629844e+01	 1.564780014459509339e+01
2.000000000000000000e+00 1.467762271277082853e+01	 1.479968114537759405e+01
3.000000000000000000e+00 1.443115343728000788e+01	 1.456257799575034007e+01
4.000000000000000000e+00 1.436297998399442477e+01	 1.441546420966142250e+01
5.000000000000000000e+00 1.437220450819869910e+01	 1.431547525046769920e+01
6.000000000000000000e+00 1.436327572276851861e+01	 1.428284494919678949e+01
7.000000000000000000e+00 1.437222426999342773e+01	 1.425719221053313390e+01
8.000000000000000000e+00 1.438096772576044380e+01	 1.425239009383010824e+01
9.000000000000000000e+00 1.440228386256659476e+01	 1.423917597557535686e+01
1.000000000000000000e+01 1.440615787757006672e+01	 1.428179907436306628e+01
1.100000000000000000e+01 1.441712306823698597e+01	 1.424865673594674398e+01
1.200000000000000000e+01 1.442860042988792380e+01	 1.422705390653391433e+01
1.300000000000000000e+01 1.444014012504339739e+01	 1.421590493749166839e+01
1.400000000000000000e+01 1.445181337893996165e+01	 1.421287437689261779e+01
1.500000000000000000e+01 1.446419272407548995e+01	 1.421499524820470484e+01
1.600000000000000000e+01 1.447847643190836564e+01	 1.421984954932250389e+01
1.700000000000000000e+01 1.449549649195838619e+01	 1.422597640879492431e+01
1.800000000000000000e+01 1.451409882257326522e+01	 1.423258607309943002e+01
1.900000000000000000e+01 1.453166062994226060e+01	 1.423920481196320864e+01
2.000000000000000000e+01 1.454641977663460750e+01	 1.424546638616911487e+01
2.100000000000000000e+01 1.455821072111155523e+01	 1.425102057915927745e+01
2.200000000000000000e+01 1.456760156996766575e+01	 1.425549881126850948e+01
2.300000000000000000e+01 1.457513731194798545e+01	 1.425849462390694633e+01
2.400000000000000000e+01 1.458109479260345864e+01	 1.425957723002549393e+01
2.500000000000000000e+01 1.458552034744313453e+01	 1.425845471625348537e+01
2.600000000000000000e+01 1.458841124562293068e+01	 1.425535362955868024e+01
2.700000000000000000e+01 1.458992555216285147e+01	 1.425120506155823641e+01
2.800000000000000000e+01 1.459042508335105559e+01	 1.424704197315137399e+01
2.900000000000000000e+01 1.459032781464952500e+01	 1.424321857746127407e+01
3.000000000000000000e+01 1.458997535521568523e+01	 1.423944002330634717e+01
3.100000000000000000e+01 1.458961946981879798e+01	 1.423521425903532922e+01
3.200000000000000000e+01 1.458945924018210150e+01	 1.423008545492775134e+01
3.300000000000000000e+01 1.458963977855447958e+01	 1.422366643763810146e+01
3.400000000000000000e+01 1.459018387017964891e+01	 1.421572682715604152e+01
3.500000000000000000e+01 1.459094696761237842e+01	 1.420642583198341669e+01
3.600000000000000000e+01 1.459172229165343992e+01	 1.419639256329328170e+01
3.700000000000000000e+01 1.459240763002444297e+01	 1.418637775741316709e+01
3.800000000000000000e+01 1.459304337100970628e+01	 1.417685625631417778e+01
3.900000000000000000e+01 1.459373615739472108e+01	 1.416798669849191583e+01
4.000000000000000000e+01 1.459459389900247928e+01	 1.415977256292294051e+01
4.100000000000000000e+01 1.459572703016384843e+01	 1.415217243008502734e+01
4.200000000000000000e+01 1.459727597924958964e+01	 1.414510009259239354e+01
4.300000000000000000e+01 1.459938103829375144e+01	 1.413838165648864909e+01
4.400000000000000000e+01 1.460207764875642056e+01	 1.413176813447680047e+01
4.500000000000000000e+01 1.460519421607511248e+01	 1.412502643452146778e+01
4.600000000000000000e+01 1.460831443616243064e+01	 1.411805254720736080e+01
4.700000000000000000e+01 1.461083877500117190e+01	 1.411094632017249850e+01
4.800000000000000000e+01 1.461219385343892263e+01	 1.410398093238103279e+01
4.900000000000000000e+01 1.461209681523480342e+01	 1.409743663801214097e+01
5.000000000000000000e+01 1.461060565055977101e+01	 1.409142606316924073e+01
5.100000000000000000e+01 1.460791003052503356e+01	 1.408586028499970055e+01
5.200000000000000000e+01 1.460411863360819851e+01	 1.408051204903451570e+01
5.300000000000000000e+01 1.459922077078490332e+01	 1.407507518877003783e+01
5.400000000000000000e+01 1.459323694591877896e+01	 1.406923715664579078e+01
5.500000000000000000e+01 1.458646445576394335e+01	 1.406282647784683526e+01
5.600000000000000000e+01 1.457954990657183636e+01	 1.405594712953041459e+01
5.700000000000000000e+01 1.457323258695763357e+01	 1.404891628046807739e+01
5.800000000000000000e+01 1.456806554666243159e+01	 1.404207492539087987e+01
5.900000000000000000e+01 1.456439535961281351e+01	 1.403569740088278195e+01
6.000000000000000000e+01 1.456247260967848867e+01	 1.403002384794791446e+01
6.100000000000000000e+01 1.456247270283318329e+01	 1.402529891572120668e+01
6.200000000000000000e+01 1.456436463267947445e+01	 1.402173275776269357e+01
6.300000000000000000e+01 1.456780867835131943e+01	 1.401940362114102179e+01
6.400000000000000000e+01 1.457234488523068983e+01	 1.401821873343291891e+01
6.500000000000000000e+01 1.457773054278973746e+01	 1.401797619974612275e+01
6.600000000000000000e+01 1.458398427220213378e+01	 1.401842869741347464e+01
6.700000000000000000e+01 1.459111101454830894e+01	 1.401931661746091606e+01
6.800000000000000000e+01 1.459893094855784845e+01	 1.402042707732649163e+01
6.900000000000000000e+01 1.460721067090050873e+01	 1.402164317051443376e+01
7.000000000000000000e+01 1.461583254032792922e+01	 1.402291851745880358e+01
7.100000000000000000e+01 1.462475643448304474e+01	 1.402422121160260282e+01
7.200000000000000000e+01 1.463380660679767686e+01	 1.402550761164387261e+01
7.300000000000000000e+01 1.464246749437948658e+01	 1.402670208339552360e+01
7.400000000000000000e+01 1.465001391090985194e+01	 1.402764044853482517e+01
7.500000000000000000e+01 1.465617924582123877e+01	 1.402806188006166188e+01
7.600000000000000000e+01 1.466166299259152161e+01	 1.402779524550449963e+01
7.700000000000000000e+01 1.466758152193247611e+01	 1.402698354993576224e+01
7.800000000000000000e+01 1.467458715446822382e+01	 1.402605153498378243e+01
7.900000000000000000e+01 1.468269928523969092e+01	 1.402550255243588140e+01
8.000000000000000000e+01 1.469161404658681391e+01	 1.402578207022536638e+01
8.100000000000000000e+01 1.470096005304509923e+01	 1.402725604013829752e+01
8.200000000000000000e+01 1.471038228773884526e+01	 1.403023112102904513e+01
8.300000000000000000e+01 1.471955483095056749e+01	 1.403493745348217203e+01
8.400000000000000000e+01 1.472821950170128780e+01	 1.404144817794508704e+01
8.500000000000000000e+01 1.473625519077901380e+01	 1.404960547275663707e+01
8.600000000000000000e+01 1.474370404164187320e+01	 1.405905442242303138e+01
8.700000000000000000e+01 1.475071690595009777e+01	 1.406937644418241007e+01
8.800000000000000000e+01 1.475747012240748646e+01	 1.408021443515622018e+01
8.900000000000000000e+01 1.476411296008122775e+01	 1.409132248895996398e+01
9.000000000000000000e+01 1.477075327040358133e+01	 1.410255518454260582e+01
9.100000000000000000e+01 1.477746232949994720e+01	 1.411383564581909233e+01
9.200000000000000000e+01 1.478428547171184348e+01	 1.412512615227694113e+01
9.300000000000000000e+01 1.479125429367320876e+01	 1.413640838410872647e+01
9.400000000000000000e+01 1.479839863756474827e+01	 1.414767223056502665e+01
9.500000000000000000e+01 1.480575751443324251e+01	 1.415890970948635008e+01
9.600000000000000000e+01 1.481339010987526095e+01	 1.417011061058531851e+01
9.700000000000000000e+01 1.482138836375577462e+01	 1.418125684497086780e+01
9.800000000000000000e+01 1.482988899197092358e+01	 1.419231340256620300e+01
9.900000000000000000e+01 1.483907544784835508e+01	 1.420321783155849893e+01
1.000000000000000000e+02 1.484915623412447516e+01	 1.421387762385742271e+01
1.010000000000000000e+02 1.488024347918933188e+01	 1.422991401007707601e+01
1.020000000000000000e+02 1.489697439519532196e+01	 1.424419655112191130e+01
1.030000000000000000e+02 1.491608798848385575e+01	 1.425981133676750545e+01
1.040000000000000000e+02 1.493791058468837463e+01	 1.427699972025519592e+01
1.050000000000000000e+02 1.496275296245944553e+01	 1.429598148237282729e+01
1.060000000000000000e+02 1.499091455205834400e+01	 1.431695806709590535e+01
1.070000000000000000e+02 1.502269564027819015e+01	 1.434012512184101951e+01
1.080000000000000000e+02 1.505841613575879379e+01	 1.436569153598385284e+01
1.090000000000000000e+02 1.509843934347973615e+01	 1.439390340890718178e+01
1.100000000000000000e+02 1.514319964350102765e+01	 1.442507336475356539e+01
1.110000000000000000e+02 1.519323329666475786e+01	 1.445961692227730566e+01
1.120000000000000000e+02 1.524921104464289279e+01	 1.449809696736962117e+01
1.130000000000000000e+02 1.531196900828971152e+01	 1.454127356089038514e+01
1.140000000000000000e+02 1.538253017405081380e+01	 1.459014846856214476e+01
1.150000000000000000e+02 1.546210286116604848e+01	 1.464598260736196700e+01
1.160000000000000000e+02 1.555203695294842703e+01	 1.471025435747677790e+01
1.170000000000000000e+02 1.565371749147060854e+01	 1.478452644107124314e+01
1.180000000000000000e+02 1.576838401263423250e+01	 1.487020943072627688e+01
1.190000000000000000e+02 1.589688640533132258e+01	 1.496825340794415560e+01
1.200000000000000000e+02 1.603942067440145181e+01	 1.507884952951221891e+01
1.210000000000000000e+02 1.619531697976894691e+01	 1.520124761831455018e+01
1.220000000000000000e+02 1.636295808118458694e+01	 1.533376856756384576e+01
1.230000000000000000e+02 1.653987654377831618e+01	 1.547401874492983787e+01
1.240000000000000000e+02 1.672302141648239626e+01	 1.561923757978289728e+01
1.250000000000000000e+02 1.690912623089360878e+01	 1.576667024156683539e+01
1.260000000000000000e+02 1.709507909106411105e+01	 1.591386758837550985e+01
1.270000000000000000e+02 1.727820491295736716e+01	 1.605885860641649288e+01
1.280000000000000000e+02 1.745640996010467205e+01	 1.620018949091901916e+01
1.290000000000000000e+02 1.762818743038250702e+01	 1.633685894782632531e+01
1.300000000000000000e+02 1.779251953919928653e+01	 1.646819468421451305e+01
1.310000000000000000e+02 1.794872694743665420e+01	 1.659371455468930279e+01
1.320000000000000000e+02 1.809631276040017056e+01	 1.671300490464729194e+01
1.330000000000000000e+02 1.823483438620022312e+01	 1.682563565930470162e+01
1.340000000000000000e+02 1.836382127707388179e+01	 1.693112128029286012e+01
1.350000000000000000e+02 1.848274530367156743e+01	 1.702892989262273815e+01
1.360000000000000000e+02 1.859104387830138450e+01	 1.711853773773260201e+01
1.370000000000000000e+02 1.868819112228165125e+01	 1.719951951027878323e+01
1.380000000000000000e+02 1.877380558140953326e+01	 1.727165548191347710e+01
1.390000000000000000e+02 1.884777268557635921e+01	 1.733502614568799061e+01
1.400000000000000000e+02 1.891034961963503491e+01	 1.739006134371528844e+01
1.410000000000000000e+02 1.896221722213054051e+01	 1.743752041093315697e+01
1.420000000000000000e+02 1.900445484749639391e+01	 1.747840264092671703e+01
1.430000000000000000e+02 1.903843867453651839e+01	 1.751381311119843787e+01
1.440000000000000000e+02 1.906569050200477022e+01	 1.754482347998324343e+01
1.450000000000000000e+02 1.908771856366519160e+01	 1.757236369551030464e+01
1.460000000000000000e+02 1.910588802146411425e+01	 1.759716338316180639e+01
1.470000000000000000e+02 1.912134177771163124e+01	 1.761974221707565746e+01
1.480000000000000000e+02 1.913497302059386129e+01	 1.764043573493399109e+01
1.490000000000000000e+02 1.914743783387540432e+01	 1.765943920373031517e+01
1.500000000000000000e+02 1.915919147834661018e+01	 1.767685479442321750e+01
1.510000000000000000e+02 1.917053340722203103e+01	 1.769273268167102131e+01
1.520000000000000000e+02 1.918165041198462362e+01	 1.770710196213320486e+01
1.530000000000000000e+02 1.919265206191421314e+01	 1.771999117776455890e+01
1.540000000000000000e+02 1.920359653759152962e+01	 1.773144047919333133e+01
1.550000000000000000e+02 1.921450760989073459e+01	 1.774150830406905044e+01
1.560000000000000000e+02 1.922538486706315197e+01	 1.775027525818595464e+01
1.570000000000000000e+02 1.923620958665441449e+01	 1.775784704564631156e+01
1.580000000000000000e+02 1.924694827429181032e+01	 1.776435712246113141e+01
1.590000000000000000e+02 1.925755526007049667e+01	 1.776996854717762986e+01
1.600000000000000000e+02 1.926797517697594131e+01	 1.777487359554104529e+01
1.610000000000000000e+02 1.927814580400640665e+01	 1.777928943686640295e+01
1.620000000000000000e+02 1.928800161746317343e+01	 1.778344878489333780e+01
1.630000000000000000e+02 1.929747828442833679e+01	 1.778758587042871753e+01
1.640000000000000000e+02 1.930651803016747436e+01	 1.779191980991343414e+01
1.650000000000000000e+02 1.931507523121085512e+01	 1.779663862609043079e+01
1.660000000000000000e+02 1.932312096144901403e+01	 1.780188715280350920e+01
1.670000000000000000e+02 1.933064504272100947e+01	 1.780776081730955340e+01
1.680000000000000000e+02 1.933765476595881339e+01	 1.781430551025567510e+01
1.690000000000000000e+02 1.934417061877980260e+01	 1.782152229617208050e+01
1.700000000000000000e+02 1.935022036919229649e+01	 1.782937510158821581e+01
1.710000000000000000e+02 1.935583313714099418e+01	 1.783779970483941568e+01
1.720000000000000000e+02 1.936103464658006246e+01	 1.784671293971381445e+01
1.730000000000000000e+02 1.936584413730609100e+01	 1.785602156834458043e+01
1.740000000000000000e+02 1.937027285875701565e+01	 1.786563050792867813e+01
1.750000000000000000e+02 1.937432382424994870e+01	 1.787545000045586363e+01
1.760000000000000000e+02 1.937799250095092418e+01	 1.788540111626566187e+01
1.770000000000000000e+02 1.938126820082047530e+01	 1.789541899122898272e+01
1.780000000000000000e+02 1.938413600376974344e+01	 1.790545357442111296e+01
1.790000000000000000e+02 1.938657903345258049e+01	 1.791546825601900750e+01
1.800000000000000000e+02 1.938858083127287202e+01	 1.792543719689534143e+01
1.810000000000000000e+02 1.939012750135392693e+01	 1.793534224199551375e+01
1.820000000000000000e+02 1.939120931155584060e+01	 1.794517001993839855e+01
1.830000000000000000e+02 1.939182157350730407e+01	 1.795490946359342743e+01
1.840000000000000000e+02 1.939196484318634361e+01	 1.796454975434656731e+01
1.850000000000000000e+02 1.939164467751652055e+01	 1.797407866778257102e+01
1.860000000000000000e+02 1.939087126593324939e+01	 1.798348142397564331e+01
1.870000000000000000e+02 1.938965922109818152e+01	 1.799274030687703529e+01
1.880000000000000000e+02 1.938802771294547256e+01	 1.800183538420171203e+01
1.890000000000000000e+02 1.938600101605486969e+01	 1.801074651566072049e+01
1.900000000000000000e+02 1.938360942186299951e+01	 1.801945644422133697e+01
1.910000000000000000e+02 1.938089033129330829e+01	 1.802795424605038122e+01
1.920000000000000000e+02 1.937788920411198035e+01	 1.803623806419008346e+01
1.930000000000000000e+02 1.937465996720428052e+01	 1.804431616382557024e+01
1.940000000000000000e+02 1.937126456011819897e+01	 1.805220595441380382e+01
1.950000000000000000e+02 1.936777153978774635e+01	 1.805993140383754891e+01
1.960000000000000000e+02 1.936425397721376029e+01	 1.806751978066636610e+01
1.970000000000000000e+02 1.936078709278103815e+01	 1.807499868419835565e+01
1.980000000000000000e+02 1.935744608352745288e+01	 1.808239397515233904e+01
1.990000000000000000e+02 1.935430441157609849e+01	 1.808972878224495417e+01
2.000000000000000000e+02 1.935143256247450694e+01	 1.809702344600682977e+01
2.010000000000000000e+02 1.934889707484886756e+01	 1.810429613171326224e+01
2.020000000000000000e+02 1.934675957202799168e+01	 1.811156385059548057e+01
2.030000000000000000e+02 1.934507561274781295e+01	 1.811884369644243264e+01
2.040000000000000000e+02 1.934389338357241428e+01	 1.812615417648856564e+01
2.050000000000000000e+02 1.934325248960519161e+01	 1.813351656346625518e+01
2.060000000000000000e+02 1.934318323833824138e+01	 1.814095621282270443e+01
2.070000000000000000e+02 1.934370674761387576e+01	 1.814850377814607185e+01
2.080000000000000000e+02 1.934483592561691978e+01	 1.815619622490195439e+01
2.090000000000000000e+02 1.934657698119544378e+01	 1.816407749490700141e+01
2.100000000000000000e+02 1.934893082570088652e+01	 1.817219862067421943e+01
2.110000000000000000e+02 1.935189369368998769e+01	 1.818061704265518586e+01
2.120000000000000000e+02 1.935545657599628910e+01	 1.818939486168865471e+01
2.130000000000000000e+02 1.935960350926315954e+01	 1.819859578732505412e+01
2.140000000000000000e+02 1.936430920602446903e+01	 1.820828064594919127e+01
2.150000000000000000e+02 1.936953676711450356e+01	 1.821850151016971253e+01
2.160000000000000000e+02 1.937523621488195147e+01	 1.822929480178729733e+01
2.170000000000000000e+02 1.938134435053361670e+01	 1.824067406740755004e+01
2.180000000000000000e+02 1.938778608032675166e+01	 1.825262344547612159e+01
2.190000000000000000e+02 1.939447700963514976e+01	 1.826509301787023531e+01
2.200000000000000000e+02 1.940132688182892551e+01	 1.827799715283363469e+01
2.210000000000000000e+02 1.940824338813667893e+01	 1.829121654614837666e+01
2.220000000000000000e+02 1.941513597163373106e+01	 1.830460401536570814e+01
2.230000000000000000e+02 1.942191941875785588e+01	 1.831799337715649045e+01
2.240000000000000000e+02 1.942851718570649666e+01	 1.833121017339621162e+01
2.250000000000000000e+02 1.943486447450661814e+01	 1.834408278593217290e+01
2.260000000000000000e+02 1.944091102638935098e+01	 1.835645262902419006e+01
2.270000000000000000e+02 1.944662346096926697e+01	 1.836818251487268583e+01
2.280000000000000000e+02 1.945198682700272030e+01	 1.837916275316072756e+01
2.290000000000000000e+02 1.945700493861574643e+01	 1.838931489775617933e+01
2.300000000000000000e+02 1.946169913460434842e+01	 1.839859322403603059e+01
2.310000000000000000e+02 1.946610534771144430e+01	 1.840698405645377278e+01
2.320000000000000000e+02 1.947026974764433049e+01	 1.841450308287068793e+01
2.330000000000000000e+02 1.947424358747238671e+01	 1.842119089179993097e+01
2.340000000000000000e+02 1.947807807981831019e+01	 1.842710717135944165e+01
2.350000000000000000e+02 1.948182006656035625e+01	 1.843232423514161766e+01
2.360000000000000000e+02 1.948550895625754364e+01	 1.843692066110831718e+01
2.370000000000000000e+02 1.948917502271373081e+01	 1.844097575469465866e+01
2.380000000000000000e+02 1.949283884305448211e+01	 1.844456529002252410e+01
2.390000000000000000e+02 1.949651150136979538e+01	 1.844775865176234220e+01
2.400000000000000000e+02 1.950019520148736873e+01	 1.845061722585039377e+01
2.410000000000000000e+02 1.950388406181753354e+01	 1.845319374885153252e+01
2.420000000000000000e+02 1.950756502801644032e+01	 1.845553232294455981e+01
2.430000000000000000e+02 1.951121896809212330e+01	 1.845766888087903368e+01
2.440000000000000000e+02 1.951482206491396454e+01	 1.845963197543262879e+01
2.450000000000000000e+02 1.951834757564374101e+01	 1.846144382408650841e+01
2.460000000000000000e+02 1.952176790458381817e+01	 1.846312154817904982e+01
2.470000000000000000e+02 1.952505679288891471e+01	 1.846467852276683530e+01
2.480000000000000000e+02 1.952819134374918519e+01	 1.846612573030121141e+01
2.490000000000000000e+02 1.953115363005446881e+01	 1.846747301478357883e+01
2.500000000000000000e+02 1.953393176540501486e+01	 1.846873016901335873e+01
2.510000000000000000e+02 1.953652048998570834e+01	 1.846990783860465513e+01
2.520000000000000000e+02 1.953892144595748803e+01	 1.847101826544459868e+01
2.530000000000000000e+02 1.954114334188629343e+01	 1.847207589997018573e+01
2.540000000000000000e+02 1.954320213162518627e+01	 1.847309788166245781e+01
2.550000000000000000e+02 1.954512119447072394e+01	 1.847410433187781464e+01
2.560000000000000000e+02 1.954693135088021094e+01	 1.847511834700657829e+01
2.570000000000000000e+02 1.954867044125251851e+01	 1.847616555755036671e+01
2.580000000000000000e+02 1.955038219773449626e+01	 1.847727316516327889e+01
2.590000000000000000e+02 1.955211429226678632e+01	 1.847846849788440693e+01
2.600000000000000000e+02 1.955391572211346585e+01	 1.847977729799634972e+01
2.610000000000000000e+02 1.955583397986467276e+01	 1.848122209220719370e+01
2.620000000000000000e+02 1.955791258953074774e+01	 1.848282100242029458e+01
2.630000000000000000e+02 1.956018948272507885e+01	 1.848458721492064782e+01
2.640000000000000000e+02 1.956269639134613669e+01	 1.848652910590418941e+01
2.650000000000000000e+02 1.956545910327050919e+01	 1.848865083522920827e+01
2.660000000000000000e+02 1.956849821116764332e+01	 1.849095314602519124e+01
2.670000000000000000e+02 1.957182993036150620e+01	 1.849343414849193223e+01
2.680000000000000000e+02 1.957546662888901423e+01	 1.849608997129299226e+01
2.690000000000000000e+02 1.957941683584590109e+01	 1.849891527415960724e+01
2.700000000000000000e+02 1.958368463596391251e+01	 1.850190369096602794e+01
2.710000000000000000e+02 1.958826852059315726e+01	 1.850504829607608315e+01
2.720000000000000000e+02 1.959315995856216475e+01	 1.850834215535067173e+01
2.730000000000000000e+02 1.959834215032590521e+01	 1.851177894699754489e+01
2.740000000000000000e+02 1.960378954832129850e+01	 1.851535354560293456e+01
2.750000000000000000e+02 1.960946864349957863e+01	 1.851906240407992144e+01
2.760000000000000000e+02 1.961534017145293163e+01	 1.852290359070419612e+01
2.770000000000000000e+02 1.962136238319025239e+01	 1.852687644998755445e+01
2.780000000000000000e+02 1.962749460924231215e+01	 1.853098100317100716e+01
2.790000000000000000e+02 1.963370026024342963e+01	 1.853521730011572899e+01
2.800000000000000000e+02 1.963994868758269163e+01	 1.853958492486345477e+01
2.810000000000000000e+02 1.964621578454066153e+01	 1.854408275934369499e+01
2.820000000000000000e+02 1.965248358976411680e+01	 1.854870899018511921e+01
2.830000000000000000e+02 1.965873932179094297e+01	 1.855346126322491074e+01
2.840000000000000000e+02 1.966497424146270845e+01	 1.855833687001172905e+01
2.850000000000000000e+02 1.967118260628189930e+01	 1.856333287586870284e+01
2.860000000000000000e+02 1.967736083949219150e+01	 1.856844614334762511e+01
2.870000000000000000e+02 1.968350693449059463e+01	 1.857367324746357795e+01
2.880000000000000000e+02 1.968962005987983943e+01	 1.857901031012573156e+01
2.890000000000000000e+02 1.969570031040306191e+01	 1.858445279872614364e+01
2.900000000000000000e+02 1.970174854927484276e+01	 1.858999533935384108e+01
2.910000000000000000e+02 1.970776629700142735e+01	 1.859563159069468341e+01
2.920000000000000000e+02 1.971375563442127188e+01	 1.860135421248762810e+01
2.930000000000000000e+02 1.971971910040426934e+01	 1.860715494490733235e+01
2.940000000000000000e+02 1.972565957599942266e+01	 1.861302479560416145e+01
2.950000000000000000e+02 1.973158015594306391e+01	 1.861895431305757143e+01
2.960000000000000000e+02 1.973748401469924829e+01	 1.862493391184420588e+01
