# jd_expl= 2453549.0
# missing data interp 1
# _filter= V
# ABtot= 0.156538593538
# 
4.169999998994171619e-01 1.611235345670979768e+01
1.416945945845942134e+00 1.522158713305982403e+01
2.416891891792467106e+00 1.452534565223345808e+01
3.416837837738991634e+00 1.438257934869290722e+01
4.416783783685517051e+00 1.437234121401802867e+01
5.416729729632041135e+00 1.437003334060213433e+01
6.416675675578566107e+00 1.436328437298610261e+01
7.416621621525091079e+00 1.437810880872659069e+01
8.416567567471616940e+00 1.438633531116471787e+01
9.416513513418140136e+00 1.441862854661073712e+01
1.041645945936466511e+01 1.442733814880472920e+01
1.141640540531119008e+01 1.441033639067904559e+01
1.241635135125771505e+01 1.439079736220569572e+01
1.341629729720424002e+01 1.440843833809225671e+01
1.441624324315076500e+01 1.440886014526796544e+01
1.541618918909728997e+01 1.442140180488235579e+01
1.641613513504381672e+01 1.447325178903165366e+01
1.741608108099033814e+01 1.449959345487769014e+01
1.841602702693686311e+01 1.451630609239035330e+01
1.941597297288338808e+01 1.455268175679205811e+01
2.041591891882991305e+01 1.455165736455185410e+01
2.141586486477643803e+01 1.456237119429320082e+01
2.241581081072296300e+01 1.457093793043629759e+01
2.341575675666948797e+01 1.457779943596816175e+01
2.441570270261601294e+01 1.458312219280948874e+01
2.541564864856253791e+01 1.458690458065562012e+01
2.641559459450906289e+01 1.458919053455755233e+01
2.741554054045558786e+01 1.459023166263033389e+01
2.841548648640211283e+01 1.459043518769953529e+01
2.941543243234863780e+01 1.459019632644962350e+01
3.041537837829516278e+01 1.458981566672695429e+01
3.141532432424168775e+01 1.458951914006238226e+01
3.241527027018821627e+01 1.458948776877118014e+01
3.341521621613473769e+01 1.458982636984453762e+01
3.441516216208125911e+01 1.459048661500407107e+01
3.541510810802778764e+01 1.459127680417928197e+01
3.641505405397430906e+01 1.459201798107185866e+01
3.741499999992083758e+01 1.459267187888121597e+01
3.841494594586735900e+01 1.459331747314208627e+01
3.941489189181388753e+01 1.459406611192582659e+01
4.041483783776040895e+01 1.459502329301846224e+01
4.141478378370693747e+01 1.459631008762276316e+01
4.241472972965345889e+01 1.459807576657640915e+01
4.341467567559998741e+01 1.460043181370397924e+01
4.441462162154650883e+01 1.460333723780167148e+01
4.541456756749303736e+01 1.460651899508407325e+01
4.641451351343955878e+01 1.460946972720399728e+01
4.741445945938608730e+01 1.461156718455520576e+01
4.841440540533260872e+01 1.461233270977079712e+01
4.941435135127913725e+01 1.461163728061172229e+01
5.041429729722565867e+01 1.460962557068556578e+01
5.141424324317218719e+01 1.460647114398342339e+01
5.241418918911870861e+01 1.460222643151154287e+01
5.341413513506523714e+01 1.459686607860076002e+01
5.441408108101175856e+01 1.459049767672761178e+01
5.541402702695828708e+01 1.458357465982141576e+01
5.641397297290480850e+01 1.457682494693900210e+01
5.741391891885133703e+01 1.457093104035897468e+01
5.841386486479785844e+01 1.456634953951427391e+01
5.941381081074438697e+01 1.456337518111101303e+01
6.041375675669090839e+01 1.456223453518844480e+01
6.141370270263743691e+01 1.456303876145538823e+01
6.241364864858395833e+01 1.456562866052326299e+01
6.341359459453048686e+01 1.456957382399930268e+01
6.441354054047701538e+01 1.457447161331973184e+01
6.541348648642353680e+01 1.458020712189283152e+01
6.641343243237005822e+01 1.458683123205491050e+01
6.741337837831657964e+01 1.459427422590988499e+01
6.841332432426310106e+01 1.460230747301290855e+01
6.941327027020963669e+01 1.461073457322512326e+01
7.041321621615615811e+01 1.461948754539682582e+01
7.141316216210267953e+01 1.462850095203783596e+01
7.241310810804920095e+01 1.463747343389316313e+01
7.341305405399573658e+01 1.464575466180821728e+01
7.441299999994225800e+01 1.465270884041790467e+01
7.541294594588877942e+01 1.465846033789084757e+01
7.641289189183530084e+01 1.466400046467924057e+01
7.741283783778183647e+01 1.467032926712668583e+01
7.841278378372835789e+01 1.467781534746837480e+01
7.941272972967487931e+01 1.468630263054347118e+01
8.041267567562140073e+01 1.469543946849803540e+01
8.141262162156793636e+01 1.470485806108629845e+01
8.241256756751445778e+01 1.471421384909095487e+01
8.341251351346097920e+01 1.472320135910210404e+01
8.441245945940750062e+01 1.473161113626998997e+01
8.541240540535403625e+01 1.473939113819407609e+01
8.641235135130055767e+01 1.474663835990575045e+01
8.741229729724707909e+01 1.475352327284517173e+01
8.841224324319360051e+01 1.476021487763976481e+01
8.941218918914013614e+01 1.476684554182585707e+01
9.041213513508665756e+01 1.477350693904688228e+01
9.141208108103317898e+01 1.478025822103047915e+01
9.241202702697970039e+01 1.478713755096864624e+01
9.341197297292623603e+01 1.479417440866044586e+01
9.441191891887275744e+01 1.480140112520281903e+01
9.541186486481927886e+01 1.480886360828196402e+01
9.641181081076580028e+01 1.481663291391003412e+01
9.741175675671232170e+01 1.482481821844922010e+01
9.841170270265885733e+01 1.483357628814654738e+01
9.941164864860537875e+01 1.484310516312253192e+01
1.004115945945519002e+02 1.487137640259496507e+01
1.014115405404984216e+02 1.488686191401468228e+01
1.024114864864449572e+02 1.490453194850428176e+01
1.034114324323914786e+02 1.492472046246158612e+01
1.044113783783380001e+02 1.494774737340167370e+01
1.054113243242845215e+02 1.497391775197458230e+01
1.064112702702310571e+02 1.500352944313285342e+01
1.074112162161775785e+02 1.503688816563520270e+01
1.084111621621241000e+02 1.507432850031803184e+01
1.094111081080706214e+02 1.511623936754110531e+01
1.104110540540171570e+02 1.516309308117811483e+01
1.114109999999636784e+02 1.521547712460441915e+01
1.124109459459101998e+02 1.527412665782026480e+01
1.134108918918567213e+02 1.533995278274777263e+01
1.144108378378032569e+02 1.541405657336290957e+01
1.154107837837497783e+02 1.549771274387795117e+01
1.164107297296962997e+02 1.559230241801462569e+01
1.174106756756428211e+02 1.569917670207021132e+01
1.184106216215893568e+02 1.581944697190227878e+01
1.194105675675358782e+02 1.595372535653605617e+01
1.204105135134823996e+02 1.610187221877756159e+01
1.214104594594289210e+02 1.626282919116835401e+01
1.224104054053754567e+02 1.643460803722323504e+01
1.234103513513219781e+02 1.661446217801002945e+01
1.244102972972684995e+02 1.679920575891195966e+01
1.254102432432150209e+02 1.698559478557480418e+01
1.264101891891615566e+02 1.717067015527786467e+01
1.274101351351080780e+02 1.735198653712693329e+01
1.284100810810546136e+02 1.752769751627182160e+01
1.294100270270011208e+02 1.769651307175094956e+01
1.304099729729476564e+02 1.785757380342160161e+01
1.314099189188941637e+02 1.801029313125044240e+01
1.324098648648406993e+02 1.815420964776607349e+01
1.334098108107872349e+02 1.828887639476200988e+01
1.344097567567337421e+02 1.841379984122725588e+01
1.354097027026802778e+02 1.852843213554069024e+01
1.364096486486267850e+02 1.863221478020881960e+01
1.374095945945733206e+02 1.872466665660228458e+01
1.384095405405198562e+02 1.880550104963164060e+01
1.394094864864663634e+02 1.887474521931560645e+01
1.404094324324128991e+02 1.893282755229364511e+01
1.414093783783594347e+02 1.898059963912653814e+01
1.424093243243059419e+02 1.901927811852298689e+01
1.434092702702524775e+02 1.905031825858663197e+01
1.444092162161989847e+02 1.907525432031237145e+01
1.454091621621455204e+02 1.909554879048670983e+01
1.464091081080920560e+02 1.911248216184351634e+01
1.474090540540385632e+02 1.912709569301928170e+01
1.484089999999850988e+02 1.914018220490630640e+01
1.494089459459316345e+02 1.915231036888425820e+01
1.504088918918781417e+02 1.916386614151338463e+01
1.514088378378246773e+02 1.917509800535231079e+01
1.524087837837711845e+02 1.918615740819607396e+01
1.534087297297177201e+02 1.919713031494291400e+01
1.544086756756642558e+02 1.920805922015678391e+01
1.554086216216107630e+02 1.921895707252968677e+01
1.564085675675572986e+02 1.922981544095717155e+01
1.574085135135038342e+02 1.924060922156266429e+01
1.584084594594503415e+02 1.925129965873414051e+01
1.594084054053968771e+02 1.926183681808068826e+01
1.604083513513433843e+02 1.927216216596813325e+01
1.614082972972899199e+02 1.928221166388847863e+01
1.624082432432364556e+02 1.929191968589359618e+01
1.634081891891829628e+02 1.930122390326853932e+01
1.644081351351294984e+02 1.931007086005491757e+01
1.654080810810760056e+02 1.931842131682974539e+01
1.664080270270225412e+02 1.932625393587731111e+01
1.674079729729690769e+02 1.933356601311999512e+01
1.684079189189155841e+02 1.934037086838184294e+01
1.694078648648621197e+02 1.934669270522745776e+01
1.704078108108086553e+02 1.935256050671879535e+01
1.714077567567551625e+02 1.935800248589432115e+01
1.724077027027016982e+02 1.936304199620820654e+01
1.734076486486482054e+02 1.936769511932224219e+01
1.744075945945947410e+02 1.937196971593596828e+01
1.754075405405412766e+02 1.937586559612287829e+01
1.764074864864877838e+02 1.937937551793887891e+01
1.774074324324343195e+02 1.938248681394185269e+01
1.784073783783808551e+02 1.938518348248223333e+01
1.794073243243273623e+02 1.938744853871414264e+01
1.804072702702738979e+02 1.938926633618235584e+01
1.814072162162204052e+02 1.939062452266547965e+01
1.824071621621669408e+02 1.939151535697969564e+01
1.834071081081134764e+02 1.939193629437589550e+01
1.844070540540599836e+02 1.939188997020330163e+01
1.854070000000065193e+02 1.939138386691571014e+01
1.864069459459530549e+02 1.939042998111112936e+01
1.874068918918995621e+02 1.938904473824435115e+01
1.884068378378460977e+02 1.938724929282491516e+01
1.894067837837926049e+02 1.938507023712032051e+01
1.904067297297391406e+02 1.938254061706095754e+01
1.914066756756856762e+02 1.937970101204051332e+01
1.924066216216321834e+02 1.937660031176129038e+01
1.934065675675787190e+02 1.937329580187614297e+01
1.944065135135252262e+02 1.936985231879259928e+01
1.954064594594717619e+02 1.936634052288663810e+01
1.964064054054182975e+02 1.936283463015180573e+01
1.974063513513648047e+02 1.935941007855557316e+01
1.984062972973113403e+02 1.935614152533610621e+01
1.994062432432578760e+02 1.935310133986733661e+01
2.004061891892043832e+02 1.935035850408732827e+01
2.014061351351509188e+02 1.934797767419977532e+01
2.024060810810974260e+02 1.934601815145163428e+01
2.034060270270439617e+02 1.934453265229880259e+01
2.044059729729904973e+02 1.934356599878084282e+01
2.054059189189370045e+02 1.934315406043170071e+01
2.064058648648835401e+02 1.934332334458565228e+01
2.074058108108300758e+02 1.934409147401888163e+01
2.084057567567765830e+02 1.934546844422378342e+01
2.094057027027231186e+02 1.934745817534035339e+01
2.104056486486696258e+02 1.935005966890603091e+01
2.114055945946161614e+02 1.935326717238255512e+01
2.124055405405626971e+02 1.935706911601329594e+01
2.134054864865092043e+02 1.936144605701855070e+01
2.144054324324557399e+02 1.936636824844303106e+01
2.154053783784022755e+02 1.937179360490167213e+01
2.164053243243487827e+02 1.937766673120802352e+01
2.174052702702953184e+02 1.938391937887053373e+01
2.184052162162418256e+02 1.939047232612410809e+01
2.194051621621883612e+02 1.939723837136285312e+01
2.204051081081348968e+02 1.940412597569396524e+01
2.214050540540814040e+02 1.941104310585418347e+01
2.224050000000279397e+02 1.941790096603406113e+01
2.234049459459744753e+02 1.942461748111387720e+01
2.244048918919209825e+02 1.943112051910537019e+01
2.254048378378675181e+02 1.943735086217165886e+01
2.264047837838140254e+02 1.944326484565964108e+01
2.274047297297605610e+02 1.944883642563118187e+01
2.284046756757070966e+02 1.945405828959902195e+01
2.294046216216536038e+02 1.945894158815243813e+01
2.304045675676001395e+02 1.946351400484961758e+01
2.314045135135466467e+02 1.946781619484373849e+01
2.324044594594931823e+02 1.947189701463986111e+01
2.334044054054397179e+02 1.947580827984404550e+01
2.344043513513862251e+02 1.947959988399668774e+01
2.354042972973327608e+02 1.948331594614061046e+01
2.364042432432792964e+02 1.948699230879315891e+01
2.374041891892258036e+02 1.949065533699333486e+01
2.384041351351723392e+02 1.949432171337532438e+01
2.394040810811188464e+02 1.949799884438111874e+01
2.404040270270653821e+02 1.950168556452682367e+01
2.414039729730119177e+02 1.950537297774419798e+01
2.424039189189584249e+02 1.950904543078442543e+01
2.434038648649049605e+02 1.951268171472303337e+01
2.444038108108514962e+02 1.951625660253631978e+01
2.454037567567980034e+02 1.951974274948783616e+01
2.464037027027445390e+02 1.952311284316257556e+01
2.474036486486910462e+02 1.952634176124589871e+01
2.484035945946375818e+02 1.952940845239162115e+01
2.494035405405841175e+02 1.953229733146137548e+01
2.504034864865306247e+02 1.953499913950083311e+01
2.514034324324771603e+02 1.953751137933471327e+01
2.524033783784236959e+02 1.953983852432094181e+01
2.534033243243702032e+02 1.954199218032601948e+01
2.544032702703167388e+02 1.954399127553462989e+01
2.554032162162632460e+02 1.954586220192173229e+01
2.564031621622098100e+02 1.954763869054514913e+01
2.574031081081562888e+02 1.954936113282821353e+01
2.584030540541028245e+02 1.955107512097808353e+01
2.594030000000493601e+02 1.955282919250620211e+01
2.604029459459958957e+02 1.955467206330885332e+01
2.614028918919424314e+02 1.955664987644139075e+01
2.624028378378889101e+02 1.955880403422573366e+01
2.634027837838354458e+02 1.956116998284966968e+01
2.644027297297819814e+02 1.956377698703327184e+01
2.654026756757285170e+02 1.956664863526140508e+01
2.664026216216750527e+02 1.956980366538984484e+01
2.674025675676215315e+02 1.957325670306805065e+01
2.684025135135680671e+02 1.957701860209514777e+01
2.694024594595146027e+02 1.958109620830787634e+01
2.704024054054611383e+02 1.958549151695474677e+01
2.714023513514076740e+02 1.959020036787132923e+01
2.724022972973541528e+02 1.959521102491914846e+01
2.734022432433006884e+02 1.960050316750252364e+01
2.744021891892472240e+02 1.960604787396857773e+01
2.754021351351937597e+02 1.961180898759577573e+01
2.764020810811402953e+02 1.961774582151657143e+01
2.774020270270868309e+02 1.962381665310568835e+01
2.784019729730333097e+02 1.962998215479932895e+01
2.794019189189798453e+02 1.963620798034030912e+01
2.804018648649263810e+02 1.964246610770935675e+01
2.814018108108729166e+02 1.964873499308908578e+01
2.824017567568194522e+02 1.965499889256513910e+01
2.834017027027659310e+02 1.966124678644205659e+01
2.844016486487124666e+02 1.966747125564799603e+01
2.854015945946590023e+02 1.967366751469730346e+01
2.864015405406055379e+02 1.967983267709562156e+01
2.874014864865520735e+02 1.968596524638758183e+01
2.884014324324985523e+02 1.969206478675833694e+01
2.894013783784450879e+02 1.969813171685265019e+01
2.904013243243916236e+02 1.970416717551817243e+01
2.914012702703381592e+02 1.971017291950764871e+01
2.924012162162846948e+02 1.971615122607424908e+01
2.934011621622311736e+02 1.972210478567838976e+01
2.944011081081777093e+02 1.972803658056626830e+01
2.954010540541242449e+02 1.973394975301333787e+01
2.964010000000707805e+02 1.973984747202343470e+01
