#        day                             V                    R
0.000000000000000000e+00 1.462815300650761685e+01   1.553196564853177009e+01
1.000000000000000000e+00 1.358585552734169255e+01   1.395665349803231514e+01
2.000000000000000000e+00 1.309564259103480133e+01   1.309171968749582859e+01
3.000000000000000000e+00 1.277663697955875932e+01   1.266114001158667968e+01
4.000000000000000000e+00 1.261619875716982797e+01   1.251148584571213540e+01
5.000000000000000000e+00 1.255040443202633327e+01   1.243959339950469811e+01
6.000000000000000000e+00 1.249840252147767217e+01   1.238758371712661166e+01
7.000000000000000000e+00 1.244692438542504220e+01   1.233746454657842051e+01
8.000000000000000000e+00 1.239149723731006425e+01   1.228807094261892097e+01
9.000000000000000000e+00 1.234348501635609985e+01   1.224393320319653888e+01
1.000000000000000000e+01 1.241415956572019397e+01   1.225251942238491587e+01
1.100000000000000000e+01 1.239899527008359037e+01   1.222733409307913988e+01
1.200000000000000000e+01 1.238600789564188176e+01   1.220588993310399317e+01
1.300000000000000000e+01 1.237538649158374504e+01   1.218773083560401638e+01
1.400000000000000000e+01 1.236775124186492292e+01   1.217275417660163939e+01
1.500000000000000000e+01 1.236404243708263451e+01   1.216109660459400921e+01
1.600000000000000000e+01 1.236518562682417866e+01   1.215303834218674872e+01
1.700000000000000000e+01 1.237148455622267562e+01   1.214888625198860339e+01
1.800000000000000000e+01 1.238228819798540847e+01   1.214883183793697441e+01
1.900000000000000000e+01 1.239639740301775461e+01   1.215285794741502201e+01
2.000000000000000000e+01 1.241274621137970691e+01   1.216075963948976657e+01
2.100000000000000000e+01 1.243065918741834786e+01   1.217220333605701121e+01
2.200000000000000000e+01 1.244973707694444975e+01   1.218677589254950178e+01
2.300000000000000000e+01 1.246983899110141003e+01   1.220413659143811103e+01
2.400000000000000000e+01 1.249135017361305877e+01   1.222424620204104961e+01
2.500000000000000000e+01 1.251523734389801312e+01   1.224732226066325325e+01
2.600000000000000000e+01 1.254222885955534750e+01   1.227331712280084020e+01
2.700000000000000000e+01 1.257183664067919793e+01   1.230136117528627615e+01
2.800000000000000000e+01 1.260248786597190573e+01   1.232977673486713854e+01
2.900000000000000000e+01 1.263236972440730099e+01   1.235665916228186845e+01
3.000000000000000000e+01 1.266006813595637759e+01   1.238054204179529272e+01
3.100000000000000000e+01 1.268490083343446351e+01   1.240076303078370223e+01
3.200000000000000000e+01 1.270706367540384107e+01   1.241747135494793675e+01
3.300000000000000000e+01 1.272749231840123940e+01   1.243138963627161608e+01
3.400000000000000000e+01 1.274741851277708093e+01   1.244343514707093057e+01
3.500000000000000000e+01 1.276790300489249219e+01   1.245435656938492919e+01
3.600000000000000000e+01 1.278962881895755466e+01   1.246460066000829414e+01
3.700000000000000000e+01 1.281293269022671844e+01   1.247442044480355072e+01
3.800000000000000000e+01 1.283788112250203994e+01   1.248404152507242770e+01
3.900000000000000000e+01 1.286427908136565890e+01   1.249378515201432727e+01
4.000000000000000000e+01 1.289167201840487031e+01   1.250416220805087342e+01
4.100000000000000000e+01 1.291949150785290179e+01   1.251586807894034692e+01
4.200000000000000000e+01 1.294731146990899262e+01   1.252949690322791909e+01
4.300000000000000000e+01 1.297495232995738057e+01   1.254514990091083781e+01
4.400000000000000000e+01 1.300237537811965360e+01   1.256241335322924968e+01
4.500000000000000000e+01 1.302956506501665679e+01   1.258060240323157863e+01
4.600000000000000000e+01 1.305647990164044181e+01   1.259884100023680453e+01
4.700000000000000000e+01 1.308300503860753139e+01   1.261597200110535866e+01
4.800000000000000000e+01 1.310888738319246549e+01   1.263070079078800489e+01
4.900000000000000000e+01 1.313376093590512816e+01   1.264225170227019746e+01
5.000000000000000000e+01 1.315732044766711084e+01   1.265099381057538430e+01
5.100000000000000000e+01 1.317946895273180807e+01   1.265822846777974675e+01
5.200000000000000000e+01 1.320029055222355119e+01   1.266542230061565277e+01
5.300000000000000000e+01 1.321994085755003212e+01   1.267369684829218635e+01
5.400000000000000000e+01 1.323857788033762439e+01   1.268374840923429581e+01
5.500000000000000000e+01 1.325635027184213577e+01   1.269595225089504709e+01
5.600000000000000000e+01 1.327341273345189343e+01   1.271049262047350048e+01
5.700000000000000000e+01 1.328994430334736165e+01   1.272748956950285582e+01
5.800000000000000000e+01 1.330615836102222893e+01   1.274708184922870124e+01
5.900000000000000000e+01 1.332229543135452410e+01   1.276936842119260618e+01
6.000000000000000000e+01 1.333858741474433351e+01   1.279419941283739171e+01
6.100000000000000000e+01 1.335520168497756188e+01   1.282102532363243341e+01
6.200000000000000000e+01 1.337220444170678135e+01   1.284900251909851043e+01
6.300000000000000000e+01 1.338956961993261530e+01   1.287724701515978865e+01
6.400000000000000000e+01 1.340721598256581437e+01   1.290499746099213496e+01
6.500000000000000000e+01 1.342503958545779241e+01   1.293160711852310385e+01
6.600000000000000000e+01 1.344292130931376406e+01   1.295643452749726343e+01
6.700000000000000000e+01 1.346071336476551927e+01   1.297876043667408297e+01
6.800000000000000000e+01 1.347824160974502306e+01   1.299785376426988037e+01
6.900000000000000000e+01 1.349536181496986842e+01   1.301318557572887968e+01
7.000000000000000000e+01 1.351205026544709042e+01   1.302463842219302492e+01
7.100000000000000000e+01 1.352846479199046570e+01   1.303258624201451532e+01
7.200000000000000000e+01 1.354494297657840640e+01   1.303787603101892856e+01
7.300000000000000000e+01 1.356195418303178180e+01   1.304181720674869638e+01
7.400000000000000000e+01 1.358002593873738384e+01   1.304621722143475715e+01
7.500000000000000000e+01 1.359963831374646759e+01   1.305332917685262295e+01
7.600000000000000000e+01 1.362108488994925715e+01   1.306541380025339549e+01
7.700000000000000000e+01 1.364437014555161376e+01   1.308384770871702507e+01
7.800000000000000000e+01 1.366925282122631380e+01   1.310847303569860145e+01
7.900000000000000000e+01 1.369541476884120002e+01   1.313797857668797420e+01
8.000000000000000000e+01 1.372260310769248370e+01   1.317087100193158378e+01
8.100000000000000000e+01 1.375067675701903447e+01   1.320601238010763012e+01
8.200000000000000000e+01 1.377959876518346505e+01   1.324248753327540484e+01
8.300000000000000000e+01 1.380941315283820714e+01   1.327919457414613547e+01
8.400000000000000000e+01 1.384024824725008784e+01   1.331467313956709830e+01
8.500000000000000000e+01 1.387242048578975329e+01   1.334766008146861793e+01
8.600000000000000000e+01 1.390660280503528234e+01   1.337816688476929983e+01
8.700000000000000000e+01 1.394382097755454630e+01   1.340780629816583946e+01
8.800000000000000000e+01 1.398520409530236108e+01   1.343885897723356315e+01
8.900000000000000000e+01 1.403176691431331413e+01   1.347326956688451460e+01
9.000000000000000000e+01 1.408442720794626446e+01   1.351243116184215332e+01
9.100000000000000000e+01 1.414420186629977216e+01   1.355748945244495829e+01
9.200000000000000000e+01 1.421243806310392088e+01   1.360971147263409442e+01
9.300000000000000000e+01 1.429091225533564824e+01   1.367068681754664539e+01
9.400000000000000000e+01 1.438161763761375767e+01   1.374222454108303637e+01
9.500000000000000000e+01 1.448621024782719857e+01   1.382590612556548493e+01
9.600000000000000000e+01 1.460535449873935576e+01   1.392246216842192830e+01
9.700000000000000000e+01 1.473820663656107932e+01   1.403121236293499408e+01
9.800000000000000000e+01 1.488200043348363799e+01   1.414969642901709612e+01
9.900000000000000000e+01 1.503193256246063214e+01   1.427382739485692298e+01
1.000000000000000000e+02 1.518223473481226371e+01   1.439917196696056045e+01
1.010000000000000000e+02 1.524917415278356003e+01   1.447798742483402634e+01
1.020000000000000000e+02 1.535586881364873868e+01   1.456922936982175898e+01
1.030000000000000000e+02 1.546006197929788328e+01   1.465833578429082529e+01
1.040000000000000000e+02 1.556121158141835892e+01   1.474470711439817272e+01
1.050000000000000000e+02 1.565881937166540538e+01   1.482777813523591703e+01
1.060000000000000000e+02 1.575236533596090283e+01   1.490695215778259097e+01
1.070000000000000000e+02 1.584126119581473446e+01   1.498155041363700946e+01
1.080000000000000000e+02 1.592483096664485487e+01   1.505078903347425623e+01
1.090000000000000000e+02 1.600232778306235559e+01   1.511379816857784064e+01
1.100000000000000000e+02 1.607299643280404666e+01   1.516969793121197085e+01
1.110000000000000000e+02 1.613618468403270256e+01   1.521773762826270904e+01
1.120000000000000000e+02 1.619148932798481866e+01   1.525748309070762332e+01
1.130000000000000000e+02 1.623889775812461522e+01   1.528900421979359869e+01
1.140000000000000000e+02 1.627886759632579938e+01   1.531298763697935428e+01
1.150000000000000000e+02 1.631229613543456125e+01   1.533070409670099465e+01
1.160000000000000000e+02 1.634037498552975975e+01   1.534381207727973973e+01
1.170000000000000000e+02 1.636438013230372235e+01   1.535405644068396036e+01
1.180000000000000000e+02 1.638547495436569434e+01   1.536297287219225538e+01
1.190000000000000000e+02 1.640458590235383696e+01   1.537169751666887407e+01
1.200000000000000000e+02 1.642236644264500001e+01   1.538091925029950779e+01
1.210000000000000000e+02 1.643922736239779425e+01   1.539094655547124013e+01
1.220000000000000000e+02 1.645539789242658202e+01   1.540182899869976829e+01
1.230000000000000000e+02 1.647098832731887441e+01   1.541347834184438170e+01
1.240000000000000000e+02 1.648603847954678159e+01   1.542575796581783898e+01
1.250000000000000000e+02 1.650054824776508511e+01   1.543853280593757837e+01
1.260000000000000000e+02 1.651449371617228934e+01   1.545168660177825792e+01
1.270000000000000000e+02 1.652783507746018188e+01   1.546511874649959672e+01
1.280000000000000000e+02 1.654052274452556759e+01   1.547873271903006831e+01
1.290000000000000000e+02 1.655250638073244218e+01   1.549242531243076115e+01
1.300000000000000000e+02 1.656374886331018459e+01   1.550608260845428887e+01
1.310000000000000000e+02 1.657424394246795174e+01   1.551958553501629545e+01
1.320000000000000000e+02 1.658403339111281838e+01   1.553282473267633002e+01
1.330000000000000000e+02 1.659321788009332010e+01   1.554572116945868032e+01
1.340000000000000000e+02 1.660195663130290100e+01   1.555824602277255408e+01
1.350000000000000000e+02 1.661045416831911936e+01   1.557043226123933088e+01
1.360000000000000000e+02 1.661893693755998669e+01   1.558237255509062535e+01
1.370000000000000000e+02 1.662762607805578696e+01   1.559420334507809969e+01
1.380000000000000000e+02 1.663671345245699484e+01   1.560608046434491314e+01
1.390000000000000000e+02 1.664634603701843929e+01   1.561815437494955994e+01
1.400000000000000000e+02 1.665662027055970995e+01   1.563055165952540548e+01
1.410000000000000000e+02 1.666758481763384125e+01   1.564336552254796686e+01
1.420000000000000000e+02 1.667924855726068145e+01   1.565665436446658809e+01
1.430000000000000000e+02 1.669159053993914199e+01   1.567044559591954211e+01
1.440000000000000000e+02 1.670456954430507324e+01   1.568474175964437478e+01
1.450000000000000000e+02 1.671813199330827615e+01   1.569952688752191428e+01
1.460000000000000000e+02 1.673221789911234225e+01   1.571477203466760741e+01
1.470000000000000000e+02 1.674676504495488416e+01   1.573043968626233280e+01
1.480000000000000000e+02 1.676171182539629356e+01   1.574648714351885737e+01
1.490000000000000000e+02 1.677699916812941083e+01   1.576286913906498910e+01
1.500000000000000000e+02 1.679257185999443891e+01   1.577953991818269763e+01
1.510000000000000000e+02 1.680837947465000326e+01   1.579645494026779851e+01
1.520000000000000000e+02 1.682437699487202210e+01   1.581357226468859878e+01
1.530000000000000000e+02 1.684052515851435317e+01   1.583085362133391527e+01
1.540000000000000000e+02 1.685679053482775558e+01   1.584826514166978839e+01
1.550000000000000000e+02 1.687314534586857917e+01   1.586577773713419681e+01
1.560000000000000000e+02 1.688956706965598897e+01   1.588336714336986155e+01
1.570000000000000000e+02 1.690603788250957251e+01   1.590101368338547339e+01
1.580000000000000000e+02 1.692254400843697937e+01   1.591870182667881295e+01
1.590000000000000000e+02 1.693907504125126806e+01   1.593641962881064877e+01
1.600000000000000000e+02 1.695562329309368366e+01   1.595415812826317925e+01
1.610000000000000000e+02 1.697218320622180698e+01   1.597191076019454314e+01
1.620000000000000000e+02 1.698875084798762458e+01   1.598967282625402042e+01
1.630000000000000000e+02 1.700532349495200535e+01   1.600744104082227892e+01
1.640000000000000000e+02 1.702189930230321124e+01   1.602521315949782377e+01
1.650000000000000000e+02 1.703847704904558924e+01   1.604298768599673153e+01
1.660000000000000000e+02 1.705505594694536242e+01   1.606076364826152414e+01
1.670000000000000000e+02 1.707163550092516147e+01   1.607854043237499297e+01
1.680000000000000000e+02 1.708821540956922291e+01   1.609631766272347164e+01
1.690000000000000000e+02 1.710479549597261695e+01   1.611409511785694448e+01
1.700000000000000000e+02 1.712137566091270102e+01   1.613187267302700789e+01
1.710000000000000000e+02 1.713795585199947524e+01   1.614965026206340326e+01
1.720000000000000000e+02 1.715453604395032272e+01   1.616742785285194728e+01
1.730000000000000000e+02 1.717111622638967461e+01   1.618520543208861895e+01
1.740000000000000000e+02 1.718769639658449222e+01   1.620298299615981108e+01
1.750000000000000000e+02 1.720427655531153022e+01   1.622076054593179606e+01
1.760000000000000000e+02 1.722085670463977891e+01   1.623853808394257925e+01



















































































































































































