#  days V
# ref=  xxxxx 
# jd_expl= 0.0
# if missing data (gap 0.5 days), interpolate 
# type=  smooth 
# ebv= 0.354838709677
# 
5.000000000000000000e-01 1.177799092463019548e+01
1.507421657458482889e+00 1.178908988516626799e+01
2.514843314916965777e+00 1.187817719212705470e+01
3.522264972375448444e+00 1.182586105752496408e+01
4.529686629833931555e+00 1.176344273859250755e+01
5.537108287292414666e+00 1.184576840337022041e+01
6.544529944750896888e+00 1.195153375657712935e+01
7.551951602209379999e+00 1.188188627779745410e+01
8.559373259667863110e+00 1.176491860061597983e+01
9.566794917126346220e+00 1.176186467343361741e+01
1.057421657458482933e+01 1.182749062393594919e+01
1.158163823204331244e+01 1.159134734549876455e+01
1.258905988950179378e+01 1.075933879256372805e+01
1.359648154696027689e+01 9.253542713959049593e+00
1.460390320441876000e+01 8.925449707792132870e+00
1.561132486187724311e+01 9.006791674095078193e+00
1.661874651933572622e+01 9.092679247884362326e+00
1.762616817679420933e+01 9.341608448304006274e+00
1.863358983425269244e+01 9.681406734392265179e+00
1.964101149171117555e+01 1.012682501818629710e+01
2.064843314916965866e+01 1.054445199079783890e+01
2.165585480662814177e+01 1.095225937508021730e+01
2.266327646408662488e+01 1.130885706692246018e+01
2.367069812154510799e+01 1.153661145127378163e+01
2.467811977900358755e+01 1.174915473215490991e+01
2.568554143646207066e+01 1.191031813380270066e+01
2.669296309392055377e+01 1.191930312493229671e+01
2.770038475137903689e+01 1.191719229105040512e+01
2.870780640883752000e+01 1.193029639672421993e+01
2.971522806629600311e+01 1.193925920782620587e+01
3.072264972375448622e+01 1.191630300447894442e+01
3.173007138121296933e+01 1.182476545380355226e+01
3.273749303867145244e+01 1.175145874053753658e+01
3.374491469612993200e+01 1.169986191478040993e+01
3.475233635358841866e+01 1.165030884400074740e+01
3.575975801104689822e+01 1.161302039214833748e+01
3.676717966850538488e+01 1.148194856382278850e+01
3.777460132596386444e+01 1.130693284630747186e+01
3.878202298342235110e+01 1.145554641871641088e+01
3.978944464088083066e+01 1.177891075790427422e+01
4.079686629833931732e+01 1.195444238870233455e+01
4.180428795579779688e+01 1.203075867420998435e+01
4.281170961325628355e+01 1.200264462989278158e+01
4.381913127071476310e+01 1.180919846735605283e+01
4.482655292817324977e+01 1.120392760920836395e+01
4.583397458563172933e+01 1.004957367797136669e+01
4.684139624309021599e+01 9.024654992453257307e+00
4.784881790054869555e+01 8.748584673320468852e+00
4.885623955800717511e+01 8.656671758564623786e+00
4.986366121546566177e+01 8.549578793012639011e+00
5.087108287292414133e+01 8.520863567060406041e+00
5.187850453038262799e+01 8.569918374598053390e+00
5.288592618784110755e+01 8.628955892908120262e+00
5.389334784529959421e+01 8.720848834133422045e+00
5.490076950275807377e+01 8.869624603348515990e+00
5.590819116021656043e+01 9.094438318313608605e+00
5.691561281767503999e+01 9.342131844330609169e+00
5.792303447513352666e+01 9.590484612471852799e+00
5.893045613259200621e+01 9.839603801481565881e+00
5.993787779005049288e+01 1.012554456033220873e+01
6.094529944750897243e+01 1.051464117946655996e+01
6.195272110496745910e+01 1.097484290679544117e+01
6.296014276242593866e+01 1.141425068980176150e+01
6.396756441988442532e+01 1.179608838017957595e+01
6.497498607734290488e+01 1.196801132202575246e+01
6.598240773480138444e+01 1.204512680185934848e+01
6.698982939225986399e+01 1.204740522056588325e+01
6.799725104971835776e+01 1.203717305686405403e+01
6.900467270717683732e+01 1.209558989598381729e+01
7.001209436463531688e+01 1.219281774572379895e+01
7.101951602209379644e+01 1.229278165318010707e+01
7.202693767955229021e+01 1.238561281719388774e+01
7.303435933701076976e+01 1.237484125607444518e+01
7.404178099446924932e+01 1.223632943525913497e+01
7.504920265192772888e+01 1.213960418453378232e+01
7.605662430938622265e+01 1.207493356935986917e+01
7.706404596684470221e+01 1.204164776018370020e+01
7.807146762430318176e+01 1.212009893422125373e+01
7.907888928176166132e+01 1.220911951941893392e+01
8.008631093922015509e+01 1.222561894214285338e+01
8.109373259667863465e+01 1.223261093380390463e+01
8.210115425413711421e+01 1.222830305262265149e+01
8.310857591159559377e+01 1.224213377505508404e+01
8.411599756905407332e+01 1.224567206447929735e+01
8.512341922651256709e+01 1.223675281053883168e+01
8.613084088397104665e+01 1.222462300972684268e+01
8.713826254142952621e+01 1.218727647967086014e+01
8.814568419888800577e+01 1.195425064968717521e+01
8.915310585634649954e+01 1.143200482687084474e+01
9.016052751380497909e+01 1.073027975673757339e+01
9.116794917126345865e+01 1.001610388411280894e+01
9.217537082872193821e+01 9.405691326495784210e+00
9.318279248618043198e+01 9.042854461104795405e+00
9.419021414363891154e+01 8.949782614540394476e+00
9.519763580109739110e+01 9.042055712139074330e+00
9.620505745855587065e+01 9.359937603480620538e+00
9.721247911601435021e+01 9.811711848283145798e+00
9.821990077347284398e+01 1.027966612263200830e+01
9.922732243093132354e+01 1.068846335973635675e+01
1.002347440883898031e+02 1.102527902095324563e+01
1.012421657458482827e+02 1.130490248693422117e+01
1.022495874033067764e+02 1.157681351498168354e+01
1.032570090607652560e+02 1.179123152545725084e+01
1.042644307182237355e+02 1.190219474125043320e+01
1.052718523756822151e+02 1.196098425037265223e+01
1.062792740331407089e+02 1.211753346749016913e+01
1.072866956905991884e+02 1.228117680792222188e+01
1.082941173480576680e+02 1.230037241024403905e+01
1.093015390055161475e+02 1.229261473735945209e+01
1.103089606629746413e+02 1.228439667527230483e+01
1.113163823204331209e+02 1.227617691004278377e+01
1.123238039778916004e+02 1.226795714377246860e+01
1.133312256353500800e+02 1.225973737376835082e+01
1.143386472928085595e+02 1.225151604324104859e+01
1.153460689502670533e+02 1.224315997545742185e+01
1.163534906077255329e+02 1.223327254331943870e+01
1.173609122651840124e+02 1.222123329588750629e+01
1.183683339226424920e+02 1.220772649458741554e+01
1.193757555801009858e+02 1.219402875454472479e+01
1.203831772375594653e+02 1.218032830264401234e+01
1.213905988950179449e+02 1.216662784350266335e+01
1.223980205524764244e+02 1.215292738435839226e+01
1.234054422099349182e+02 1.213922692521401636e+01
1.244128638673933978e+02 1.212552646525204025e+01
1.254202855248518773e+02 1.211182533798137761e+01
1.264277071823103569e+02 1.209810295708150285e+01
1.274351288397688506e+02 1.208803712597889479e+01
1.284425504972273302e+02 1.211303019250215662e+01
1.294499721546858098e+02 1.212448090584430105e+01
1.304573938121442893e+02 1.199276655296052851e+01
1.314648154696027689e+02 1.166204960313445582e+01
1.324722371270612484e+02 1.128799362446957133e+01
1.334796587845197280e+02 1.098974324030383798e+01
1.344870804419782360e+02 1.072689930244290224e+01
1.354945020994367155e+02 1.045472545299617906e+01
1.365019237568951951e+02 1.008256802658400630e+01
1.375093454143536746e+02 9.484963879902551298e+00
1.385167670718121542e+02 8.839072323540719367e+00
1.395241887292706338e+02 8.551869334007733414e+00
1.405316103867291133e+02 8.482838594930010245e+00
1.415390320441875929e+02 8.439755271378700741e+00
1.425464537016461009e+02 8.460180967921804296e+00
1.435538753591045804e+02 8.497222972449707257e+00
1.445612970165630600e+02 8.569464937827072859e+00
1.455687186740215395e+02 8.673104224231774850e+00
1.465761403314800191e+02 8.606653475936088427e+00
1.475835619889384986e+02 8.656107482765058592e+00
1.485909836463969782e+02 9.038508203629504578e+00
1.495984053038554578e+02 9.436595421186780186e+00
1.506058269613139373e+02 9.798897589621461179e+00
1.516132486187724453e+02 1.014192150908458956e+01
1.526206702762309249e+02 1.057515575165072619e+01
1.536280919336894044e+02 1.102224734585990262e+01
1.546355135911478840e+02 1.141234352853635414e+01
1.556429352486063635e+02 1.170885388449743658e+01
1.566503569060648431e+02 1.192159856739301915e+01
1.576577785635233226e+02 1.203686562216823930e+01
1.586652002209818022e+02 1.211585956350701920e+01
1.596726218784403102e+02 1.219257746082175764e+01
1.606800435358987897e+02 1.226926001167011293e+01
1.616874651933572693e+02 1.234550370058856572e+01
1.626948868508157489e+02 1.241374565852297351e+01
1.637023085082742284e+02 1.246259839407345460e+01
1.647097301657327080e+02 1.245837390270573053e+01
1.657171518231911875e+02 1.239980314969931996e+01
1.667245734806496671e+02 1.231437343935619388e+01
1.677319951381081466e+02 1.225521342556456261e+01
1.687394167955666546e+02 1.227609282651148348e+01
1.697468384530251342e+02 1.231044716208648815e+01
1.707542601104836137e+02 1.234892275331531764e+01
1.717616817679420933e+02 1.237706898971918434e+01
1.727691034254005729e+02 1.237777957939241169e+01
1.737765250828590524e+02 1.235503673114013168e+01
1.747839467403175320e+02 1.234235439468894135e+01
1.757913683977760115e+02 1.236651896045914079e+01
1.767987900552345195e+02 1.233347961724510000e+01
1.778062117126929991e+02 1.225922445464424726e+01
1.788136333701514786e+02 1.225441903699854507e+01
1.798210550276099582e+02 1.226338475945341422e+01
1.808284766850684377e+02 1.228142500743746623e+01
1.818358983425269173e+02 1.227089541747429458e+01
1.828433199999853969e+02 1.219143719099281142e+01
