#  days R
# ref= Rubin et al. 2016 ApJ, 820, 33R
# jd_expl= 56548.95
# if missing data (gap 3 days), interpolate 
# type=  smooth 
# ebv= 99
# 
-2.699999999997089617e+00 2.140004035004728067e+01
-1.693488549615388861e+00 2.118062062161113346e+01
-6.869770992336881044e-01 2.083278965712808883e+01
3.195343511480128740e-01 2.015430445120411562e+01
1.326045801529713408e+00 1.943597871553885170e+01
2.332557251911413942e+00 1.903760646896694908e+01
3.339068702293115365e+00 1.886114238109511021e+01
4.345580152674815899e+00 1.879705354657804506e+01
5.352091603056516433e+00 1.874672502499705473e+01
6.358603053438217856e+00 1.870921054780318826e+01
7.365114503819917502e+00 1.867351081506015120e+01
8.371625954201618924e+00 1.863781074841492469e+01
9.378137404583320347e+00 1.860211092166698776e+01
1.038464885496501999e+01 1.856460936690006136e+01
1.139116030534672142e+01 1.851424583903196464e+01
1.239767175572842106e+01 1.846902324725488853e+01
1.340418320611012248e+01 1.850644751484052364e+01
1.441069465649182391e+01 1.855668274490003000e+01
1.541720610687352533e+01 1.860967140575647605e+01
1.642371755725522320e+01 1.858719330339322440e+01
1.743022900763692462e+01 1.856410409230899461e+01
1.843674045801862604e+01 1.859834125759249446e+01
1.944325190840032747e+01 1.865793556243397333e+01
2.044976335878202889e+01 1.867059450324061132e+01
2.145627480916373031e+01 1.869185585538306427e+01
2.246278625954542818e+01 1.871498395087930078e+01
2.346929770992712960e+01 1.873934138469944699e+01
2.447580916030883103e+01 1.876412053377543998e+01
2.548232061069053245e+01 1.878847264972835518e+01
2.648883206107223387e+01 1.881203864653395641e+01
2.749534351145393174e+01 1.883503383024187627e+01
2.850185496183563316e+01 1.885774433272755601e+01
2.950836641221733458e+01 1.888032573948241932e+01
3.051487786259903601e+01 1.890284700367512727e+01
3.152138931298073743e+01 1.892525943851436310e+01
3.252790076336243885e+01 1.894720033529605274e+01
3.353441221374414027e+01 1.896771777733439635e+01
3.454092366412584170e+01 1.898534733282388842e+01
3.554743511450753601e+01 1.899902344356739903e+01
3.655394656488923744e+01 1.900915133523579570e+01
3.756045801527093886e+01 1.901747310730142715e+01
3.856696946565264028e+01 1.902600357853735602e+01
3.957348091603434170e+01 1.903625599599073226e+01
4.057999236641604313e+01 1.904904574809295781e+01
4.158650381679774455e+01 1.906452616214546580e+01
4.259301526717944597e+01 1.908222280817251004e+01
4.359952671756114739e+01 1.910116432116564411e+01
4.460603816794284882e+01 1.912031219259347736e+01
4.561254961832455024e+01 1.913909886922790449e+01
4.661906106870624455e+01 1.915756776207112821e+01
4.762557251908794598e+01 1.917598727354788224e+01
4.863208396946964740e+01 1.919445398022594418e+01
4.963859541985134882e+01 1.921328489114043236e+01
5.064510687023305024e+01 1.923368879586222846e+01
5.165161832061475167e+01 1.925679142529163101e+01
5.265812977099645309e+01 1.928253768237217258e+01
5.366464122137815451e+01 1.931036970603372538e+01
5.467115267175985593e+01 1.934029375981433674e+01
5.567766412214155736e+01 1.937351027194349484e+01
5.668417557252325167e+01 1.941251454896710271e+01
5.769068702290495310e+01 1.946003435971873330e+01
5.869719847328665452e+01 1.951666085996370725e+01
5.970370992366835594e+01 1.957973668557420410e+01
6.071022137405005736e+01 1.964551807830412855e+01
6.171673282443175879e+01 1.971161853967561584e+01
6.272324427481345310e+01 1.977724047285732212e+01
6.372975572519516163e+01 1.984236730339105037e+01
6.473626717557685595e+01 1.990718970439629487e+01
6.574277862595856448e+01 1.997190568306624314e+01
6.674929007634025879e+01 2.003669632041569315e+01
6.775580152672196732e+01 2.010174177609031432e+01
6.876231297710366164e+01 2.016720628695511408e+01
6.976882442748537017e+01 2.023312808763390080e+01
7.077533587786706448e+01 2.029913848731585091e+01
7.178184732824877301e+01 2.036395213598187581e+01
7.278835877863046733e+01 2.042476091756656942e+01
7.379487022901216164e+01 2.047745101805740831e+01
7.480138167939387017e+01 2.051939020535821001e+01
7.580789312977556449e+01 2.055304744690525354e+01
7.681440458015727302e+01 2.058386542787321360e+01
7.782091603053896733e+01 2.061480798685249027e+01
7.882742748092067586e+01 2.064559458632237465e+01
7.983393893130237018e+01 2.067497697448332872e+01
8.084045038168407871e+01 2.070265987022898102e+01
8.184696183206577302e+01 2.073071819441123509e+01
8.285347328244748155e+01 2.076299649089422772e+01
8.385998473282917587e+01 2.080138808098231706e+01
8.486649618321087019e+01 2.084445104813773497e+01
8.587300763359257871e+01 2.088993300194459835e+01
8.687951908397427303e+01 2.093641724700066220e+01
8.788603053435598156e+01 2.098326434924718598e+01
8.889254198473767588e+01 2.103021072669217517e+01
8.989905343511938440e+01 2.107711449454251706e+01
9.090556488550107872e+01 2.112381166781610631e+01
9.191207633588278725e+01 2.116998624876787360e+01
9.291858778626448157e+01 2.121500495506645478e+01
9.392509923664619009e+01 2.125779434719474992e+01
9.493161068702788441e+01 2.129705794978260514e+01
9.593812213740957873e+01 2.133200157739072012e+01
9.694463358779128725e+01 2.136285534701757527e+01
9.795114503817298157e+01 2.139042280158870568e+01
9.895765648855469010e+01 2.141531308060046612e+01
9.996416793893638442e+01 2.143764890042350402e+01
1.009706793893180929e+02 2.137141645370939003e+01
1.019771908396997873e+02 2.137862302524319347e+01
1.029837022900814958e+02 2.138210170244276398e+01
1.039902137404631901e+02 2.138226381110088425e+01
1.049967251908448844e+02 2.137961787390472068e+01
1.060032366412265930e+02 2.137468610734581276e+01
1.070097480916082873e+02 2.136794014256053487e+01
1.080162595419899958e+02 2.135977556995119286e+01
1.090227709923716901e+02 2.135052342906879019e+01
1.100292824427533986e+02 2.134048375894321481e+01
1.110357938931350930e+02 2.132996529593953383e+01
1.120423053435168015e+02 2.131932023777855889e+01
1.130488167938984958e+02 2.130896710764114843e+01
1.140553282442802043e+02 2.129939601934321303e+01
1.150618396946618986e+02 2.129115092908468654e+01
1.160683511450435930e+02 2.128478612541993797e+01
1.170748625954253015e+02 2.128080132791390611e+01
1.180813740458069958e+02 2.127956970420126837e+01
1.190878854961887043e+02 2.128128021507931678e+01
1.200943969465703987e+02 2.128591380791144161e+01
1.211009083969521072e+02 2.129326109802855171e+01
1.221074198473338015e+02 2.130297356413614551e+01
1.231139312977155100e+02 2.131462984337766997e+01
1.241204427480972043e+02 2.132779799549067690e+01
1.251269541984789129e+02 2.134208140498908790e+01
1.261334656488606072e+02 2.135714474334719171e+01
1.271399770992423157e+02 2.137272278535483494e+01
1.281464885496239958e+02 2.138861758089885612e+01
1.291530000000057044e+02 2.140468940996395730e+01
