#  days R
# ref= Rubin et al. 2016 ApJ, 820, 33R
# jd_expl= 56112.92
# if missing data (gap 3 days), interpolate 
# type=  smooth 
# ebv= 99
# 
-7.509999999994761311e+00 2.143000000000004590e+01
-6.506999999994766526e+00 2.125884526176275813e+01
-5.503999999994771741e+00 2.108769052352552364e+01
-4.500999999994777845e+00 2.091653578528840640e+01
-3.497999999994783060e+00 2.074538104806097394e+01
-2.494999999994788276e+00 2.057427814834150936e+01
-1.491999999994794379e+00 2.042710329626412857e+01
-4.889999999947995946e-01 2.036429558825499697e+01
5.140000000051951901e-01 2.036213417209001975e+01
1.517000000005189975e+00 1.875838222828655688e+01
2.520000000005184759e+00 1.826980322626963726e+01
3.523000000005179544e+00 1.807785661040509595e+01
4.526000000005172552e+00 1.795075443067021936e+01
5.529000000005167337e+00 1.788316282656743184e+01
6.532000000005162121e+00 1.785609335045944945e+01
7.535000000005156906e+00 1.786157189676129420e+01
8.538000000005151691e+00 1.780671227279131585e+01
9.541000000005144699e+00 1.775264933369863485e+01
1.054400000000514126e+01 1.775204773566296979e+01
1.154700000000513427e+01 1.772608585765130229e+01
1.255000000000513083e+01 1.770640832793695552e+01
1.355300000000512384e+01 1.768938331858218405e+01
1.455600000000512040e+01 1.767857871351719368e+01
1.555900000000511341e+01 1.767180346774581778e+01
1.656200000000510641e+01 1.764951556155850909e+01
1.756500000000510298e+01 1.761891868879057199e+01
1.856800000000509598e+01 1.760425819311539186e+01
1.957100000000509255e+01 1.760619607217657290e+01
2.057400000000508555e+01 1.761955637680113540e+01
2.157700000000508211e+01 1.761594129323627556e+01
2.258000000000507512e+01 1.761364694616436566e+01
2.358300000000507168e+01 1.761251809340144803e+01
2.458600000000506469e+01 1.761241745816271020e+01
2.558900000000505770e+01 1.761322520314323015e+01
2.659200000000505071e+01 1.761487488731948758e+01
2.759500000000505082e+01 1.761736943826290513e+01
2.859800000000504383e+01 1.762070117146205206e+01
2.960100000000503684e+01 1.762476440072787653e+01
3.060400000000502985e+01 1.762940015021660756e+01
3.160700000000502996e+01 1.763446199464365094e+01
3.261000000000502297e+01 1.763983186861229058e+01
3.361300000000501598e+01 1.764547344406737039e+01
3.461600000000500899e+01 1.765157708423269511e+01
3.561900000000500199e+01 1.765861837649631028e+01
3.662200000000500211e+01 1.766697809605721758e+01
3.762500000000499512e+01 1.767637804333203988e+01
3.862800000000498812e+01 1.768592982704922179e+01
3.963100000000498113e+01 1.769466522119113350e+01
4.063400000000497414e+01 1.770189243808306045e+01
4.163700000000497425e+01 1.770728721119363058e+01
4.264000000000496726e+01 1.771087355395607688e+01
4.364300000000496027e+01 1.771293970218422231e+01
4.464600000000495328e+01 1.771390607086776470e+01
4.564900000000495339e+01 1.771420423624873308e+01
4.665200000000494640e+01 1.771421670578820340e+01
4.765500000000493941e+01 1.771427416491680873e+01
4.865800000000493242e+01 1.771466699359903529e+01
4.966100000000492543e+01 1.771561239921849307e+01
5.066400000000492554e+01 1.771714016806932790e+01
5.166700000000491855e+01 1.771897746380312455e+01
5.267000000000491156e+01 1.772065382838852088e+01
5.367300000000490456e+01 1.772185367397673161e+01
5.467600000000490468e+01 1.772262603871469011e+01
5.567900000000489769e+01 1.772323014593920831e+01
5.668200000000489069e+01 1.772388643088647697e+01
5.768500000000489081e+01 1.772469566095986337e+01
5.868800000000487671e+01 1.772578293012822215e+01
5.969100000000487682e+01 1.772759574584032194e+01
6.069400000000486273e+01 1.773085232751816775e+01
6.169700000000486284e+01 1.773588689990572576e+01
6.270000000000486295e+01 1.774246075173784121e+01
6.370300000000484886e+01 1.775019923055370086e+01
6.470600000000484897e+01 1.775888309313922875e+01
6.570900000000483487e+01 1.776850440720377122e+01
6.671200000000483499e+01 1.777916785180400083e+01
6.771500000000483510e+01 1.779083195797227646e+01
6.871800000000482100e+01 1.780322448136062974e+01
6.972100000000482112e+01 1.781637897152956995e+01
7.072400000000482123e+01 1.783118731585193473e+01
7.172700000000480713e+01 1.784909152270970623e+01
7.273000000000480725e+01 1.787130911188007687e+01
7.373300000000479315e+01 1.789828887981159156e+01
7.473600000000479326e+01 1.792945156261406936e+01
7.573900000000479338e+01 1.796286934876541963e+01
7.674200000000477928e+01 1.799459159264574026e+01
7.774500000000477939e+01 1.801805767056135466e+01
7.874800000000476530e+01 1.802535967499942515e+01
7.975100000000476541e+01 1.801182970251419846e+01
8.075400000000476552e+01 1.798109232818480763e+01
8.175700000000475143e+01 1.794462895771378541e+01
8.276000000000475154e+01 1.791484025926025581e+01
8.376300000000473744e+01 1.789695244530116724e+01
8.476600000000473756e+01 1.788733648024400580e+01
8.576900000000473767e+01 1.788034454803897333e+01
8.677200000000472357e+01 1.787421748674519861e+01
8.777500000000472369e+01 1.787029549166743081e+01
8.877800000000470959e+01 1.787022319327981990e+01
8.978100000000470970e+01 1.787454343736415652e+01
9.078400000000470982e+01 1.788229626559457586e+01
9.178700000000469572e+01 1.789172508346570112e+01
9.279000000000469583e+01 1.790169978202799683e+01
9.379300000000469595e+01 1.791208865575875464e+01
9.479600000000468185e+01 1.792333460442650406e+01
9.579900000000468197e+01 1.793620064557677196e+01
9.680200000000466787e+01 1.795162325667354963e+01
9.780500000000466798e+01 1.797025260591338736e+01
9.880800000000466810e+01 1.799183489886171472e+01
9.981100000000465400e+01 1.801532403599328802e+01
1.008140000000046541e+02 1.804703075534834511e+01
1.018170000000046400e+02 1.806914832376259739e+01
1.028200000000046401e+02 1.809231303341343988e+01
1.038230000000046402e+02 1.811653017173170355e+01
1.048260000000046261e+02 1.814196798862408855e+01
1.058290000000046263e+02 1.816897854535329415e+01
1.068320000000046122e+02 1.819808849835866837e+01
1.078350000000046123e+02 1.822990808228681914e+01
1.088380000000046124e+02 1.826491527804058634e+01
1.098410000000045983e+02 1.830316463617279155e+01
1.108440000000045984e+02 1.834411471168225916e+01
1.118470000000045985e+02 1.838676816805621073e+01
1.128500000000045844e+02 1.843006269471450054e+01
1.138530000000045845e+02 1.847322207337211353e+01
1.148560000000045704e+02 1.851586965941051588e+01
1.158590000000045706e+02 1.855794691125415596e+01
1.168620000000045707e+02 1.859957682773478638e+01
1.178650000000045566e+02 1.864096163196060729e+01
1.188680000000045567e+02 1.868233323903979937e+01
1.198710000000045426e+02 1.872394041700093226e+01
1.208740000000045427e+02 1.876604816592516300e+01
1.218770000000045286e+02 1.880892350174539374e+01
1.228800000000045429e+02 1.885278154114469018e+01
1.238830000000045288e+02 1.889767573560312286e+01
1.248860000000045147e+02 1.894335350250954875e+01
1.258890000000045291e+02 1.898915986540883694e+01
1.268920000000045150e+02 1.903409538927699884e+01
1.278950000000045009e+02 1.907704511701264138e+01
1.288980000000044868e+02 1.911704834700566735e+01
1.299010000000045011e+02 1.915345104111353436e+01
1.309040000000044870e+02 1.918590898185993154e+01
1.319070000000044729e+02 1.921432590055983525e+01
1.329100000000044872e+02 1.923880820217132381e+01
1.339130000000044731e+02 1.925964983441241785e+01
1.349160000000044590e+02 1.927731384796137704e+01
1.359190000000044733e+02 1.929238016394932131e+01
1.369220000000044593e+02 1.930546160986249404e+01
1.379250000000044452e+02 1.931711732565983297e+01
1.389280000000044311e+02 1.932779396652844994e+01
1.399310000000044454e+02 1.933780669112836392e+01
1.409340000000044313e+02 1.934735245533201109e+01
1.419370000000044172e+02 1.935653951830371255e+01
1.429400000000044315e+02 1.936541883803431219e+01
1.439430000000044174e+02 1.937400911179015850e+01
1.449460000000044033e+02 1.938231281556182495e+01
1.459490000000044176e+02 1.939032407032762606e+01
1.469520000000044035e+02 1.939803081865224499e+01
1.479550000000043894e+02 1.940541440581144883e+01
1.489580000000044038e+02 1.941244966670318206e+01
1.499610000000043897e+02 1.941910795974487058e+01
1.509640000000043756e+02 1.942536396684695532e+01
1.519670000000043615e+02 1.943120456474127167e+01
1.529700000000043758e+02 1.943663566539481025e+01
1.539730000000043617e+02 1.944168240683807625e+01
1.549760000000043476e+02 1.944638077628803785e+01
1.559790000000043619e+02 1.945076385487912773e+01
1.569820000000043478e+02 1.945485005395605427e+01
1.579850000000043337e+02 1.945864032790969489e+01
1.589880000000043481e+02 1.946212603077404424e+01
1.599910000000043340e+02 1.946530276728087117e+01
1.609940000000043199e+02 1.946818294727783893e+01
1.619970000000043058e+02 1.947080184017380589e+01
1.630000000000043201e+02 1.947321606515112080e+01
1.640030000000043060e+02 1.947549659305709113e+01
1.650060000000042919e+02 1.947771942015386770e+01
1.660090000000043062e+02 1.947995672326291938e+01
1.670120000000042921e+02 1.948227048583919796e+01
1.680150000000042780e+02 1.948470984275730800e+01
1.690180000000042924e+02 1.948731280992778636e+01
1.700210000000042783e+02 1.949011246889845239e+01
1.710240000000042642e+02 1.949314683011961336e+01
1.720270000000042785e+02 1.949647037571703834e+01
1.730300000000042644e+02 1.950016387238035520e+01
1.740330000000042503e+02 1.950433811204668189e+01
1.750360000000042362e+02 1.950912776860569053e+01
1.760390000000042505e+02 1.951467414299761316e+01
1.770420000000042364e+02 1.952109942151399835e+01
1.780450000000042223e+02 1.952847784346478832e+01
1.790480000000042367e+02 1.953680837192374398e+01
1.800510000000042226e+02 1.954598863861278346e+01
1.810540000000042085e+02 1.955578375488546783e+01
1.820570000000042228e+02 1.956578155310678113e+01
1.830600000000042087e+02 1.957533674645406307e+01
1.840630000000041946e+02 1.958354228784797257e+01
1.850660000000041805e+02 1.958932605017124473e+01
1.860690000000041948e+02 1.959178897239295480e+01
1.870720000000041807e+02 1.959072778493416322e+01
1.880750000000041666e+02 1.958694213289555464e+01
1.890780000000041809e+02 1.958191791867194809e+01
1.900810000000041668e+02 1.957709321514104772e+01
1.910840000000041528e+02 1.957333491272332182e+01
1.920870000000041671e+02 1.957088980415065294e+01
1.930900000000041530e+02 1.956959573996608626e+01
1.940930000000041389e+02 1.956909226632162913e+01
1.950960000000041532e+02 1.956893718261157034e+01
1.960990000000041391e+02 1.956864758146259220e+01
1.971020000000041250e+02 1.956771390205496886e+01
1.981050000000041109e+02 1.956563678519553662e+01
1.991080000000041252e+02 1.956203847608197677e+01
2.001110000000041111e+02 1.955689719428294637e+01
2.011140000000040970e+02 1.955090414067594295e+01
2.021170000000041114e+02 1.954579088177144186e+01
2.031200000000040973e+02 1.954425396036434392e+01
2.041230000000040832e+02 1.954912055979796293e+01
2.051260000000040975e+02 1.956201242096365078e+01
2.061290000000040834e+02 1.958250050288566158e+01
2.071320000000040693e+02 1.960844997588856486e+01
2.081350000000040836e+02 1.963712417860786985e+01
2.091380000000040695e+02 1.966614438788062813e+01
2.101410000000040554e+02 1.969389556976767608e+01
2.111440000000040413e+02 1.971950716042155349e+01
2.121470000000040557e+02 1.974266447578620642e+01
2.131500000000040416e+02 1.976340835468993973e+01
2.141530000000040275e+02 1.978197803587926984e+01
2.151560000000040418e+02 1.979870253065409003e+01
2.161590000000040277e+02 1.981393124942015760e+01
2.171620000000040136e+02 1.982799356667315038e+01
2.181650000000040279e+02 1.984117890713202570e+01
2.191680000000040138e+02 1.985373076861950636e+01
2.201710000000039997e+02 1.986584953979489399e+01
2.211740000000039856e+02 1.987770020165352847e+01
2.221770000000040000e+02 1.988942209213644219e+01
2.231800000000039859e+02 1.990113881346702129e+01
2.241830000000039718e+02 1.991296699852532015e+01
2.251860000000039861e+02 1.992502299200820204e+01
2.261890000000039720e+02 1.993742657673381657e+01
2.271920000000039579e+02 1.995030080156391605e+01
2.281950000000039722e+02 1.996376696553583940e+01
2.291980000000039581e+02 1.997793420305383449e+01
