#  days V
# ref= Valenti et al 2011
# jd_expl= 55099.5
# if missing data (gap 1 days), interpolate 
# type=  smooth 
# ebv= 0.122903455812
# 
1.721088435576278997e-02 1.842229567816940516e+01
1.020816326532625773e+00 1.808564539847200692e+01
2.024421768709488312e+00 1.766517869352142966e+01
3.028027210886350851e+00 1.717445270839367311e+01
4.031632653063214278e+00 1.683322346662226465e+01
5.035238095240076817e+00 1.644406756559701677e+01
6.038843537416939355e+00 1.608966949860808882e+01
7.042448979593801894e+00 1.585729082415194213e+01
8.046054421770664433e+00 1.563599848179827845e+01
9.049659863947526972e+00 1.540288637560682261e+01
1.005326530612439129e+01 1.524349767092053298e+01
1.105687074830125383e+01 1.511675738307619987e+01
1.206047619047811637e+01 1.498487001630331505e+01
1.306408163265497890e+01 1.489032624908846181e+01
1.406768707483184144e+01 1.480016329505653339e+01
1.507129251700870398e+01 1.474037070227135615e+01
1.607489795918556652e+01 1.468670062664346787e+01
1.707850340136242906e+01 1.463665812144960476e+01
1.808210884353929160e+01 1.459389801065344905e+01
1.908571428571615414e+01 1.455460634956105359e+01
2.008931972789301668e+01 1.461965968371035274e+01
2.109292517006987921e+01 1.460094203175649952e+01
2.209653061224674531e+01 1.458561071203227044e+01
2.310013605442360785e+01 1.457501129121776273e+01
2.410374149660047038e+01 1.457152195782501813e+01
2.510734693877733292e+01 1.457674272438023699e+01
2.611095238095419546e+01 1.459066446644428439e+01
2.711455782313105800e+01 1.461255245222135279e+01
2.811816326530792054e+01 1.464186368009118766e+01
2.912176870748478308e+01 1.467829681076380943e+01
3.012537414966164562e+01 1.472138347139096659e+01
3.112897959183850816e+01 1.477022608835913786e+01
3.213258503401537070e+01 1.482361122823047417e+01
3.313619047619223323e+01 1.488029951824123742e+01
3.413979591836909577e+01 1.493920684703781987e+01
3.514340136054595831e+01 1.499941873273134618e+01
3.614700680272282085e+01 1.506017206921158902e+01
3.715061224489968339e+01 1.512090629525134133e+01
3.815421768707654593e+01 1.518130138554276698e+01
3.915782312925340847e+01 1.524119792213754288e+01
4.016142857143027101e+01 1.530046796170142187e+01
4.116503401360713355e+01 1.535889956300286840e+01
4.216863945578399608e+01 1.541605556047842995e+01
4.317224489796085862e+01 1.547118579929052018e+01
4.417585034013772116e+01 1.552351408358256002e+01
4.517945578231458370e+01 1.557285597153855505e+01
4.618306122449145334e+01 1.561973767689644532e+01
4.718666666666831588e+01 1.566486807969068806e+01
4.819027210884517842e+01 1.570873718600575053e+01
4.919387755102204096e+01 1.575155889730251957e+01
5.019748299319890350e+01 1.579330537942355939e+01
5.120108843537576604e+01 1.583369704312109505e+01
5.220469387755262858e+01 1.587220199066202930e+01
5.320829931972949112e+01 1.590820842483617170e+01
5.421190476190635366e+01 1.594139204260098275e+01
5.521551020408321619e+01 1.597194370465978785e+01
5.621911564626007873e+01 1.600040472788192147e+01
5.722272108843694127e+01 1.602734017605825301e+01
5.822632653061380381e+01 1.605314622494942256e+01
5.922993197279066635e+01 1.607802624900383748e+01
6.023353741496752889e+01 1.610203407389044727e+01
6.123714285714439143e+01 1.612509662153330936e+01
6.224074829932125397e+01 1.614700708638001814e+01
6.324435374149811651e+01 1.616746403784953756e+01
6.424795918367497904e+01 1.618621608918110866e+01
6.525156462585184158e+01 1.620322467886222384e+01
6.625517006802870412e+01 1.621869261379064753e+01
6.725877551020556666e+01 1.623295686960917905e+01
6.826238095238242920e+01 1.624637088999592294e+01
6.926598639455929174e+01 1.625924969418660737e+01
7.026959183673615428e+01 1.627186108718509772e+01
7.127319727891301682e+01 1.628442530323592763e+01
7.227680272108987936e+01 1.629710978083601347e+01
7.328040816326674189e+01 1.631002715215173282e+01
7.428401360544360443e+01 1.632324256863103074e+01
7.528761904762046697e+01 1.633678451960595979e+01
7.629122448979732951e+01 1.635065125118869034e+01
7.729482993197419205e+01 1.636481283059714897e+01
7.829843537415105459e+01 1.637921571048809710e+01
7.930204081632791713e+01 1.639379460020281343e+01
8.030564625850477967e+01 1.640848774113365494e+01
8.130925170068164221e+01 1.642324742749211453e+01
8.231285714285850474e+01 1.643804239603016271e+01
8.331646258503536728e+01 1.645285482238049113e+01
8.432006802721222982e+01 1.646767605006814250e+01
8.532367346938909236e+01 1.648250351316077911e+01
8.632727891156595490e+01 1.649733976179430783e+01
8.733088435374281744e+01 1.651219404865781470e+01
8.833448979591967998e+01 1.652708727241783748e+01
8.933809523809654252e+01 1.654206149686728367e+01
9.034170068027340506e+01 1.655719412123684720e+01
9.134530612245026759e+01 1.657261057190586229e+01
9.234891156462713013e+01 1.658847656492354616e+01
9.335251700680399267e+01 1.660494722263882039e+01
9.435612244898086942e+01 1.662208888288699171e+01
9.535972789115773196e+01 1.663984558641357836e+01
9.636333333333459450e+01 1.665808967241988015e+01
9.736693877551145704e+01 1.667669760167218485e+01
9.837054421768831958e+01 1.669558182061334861e+01
9.937414965986518212e+01 1.671467338548028891e+01
1.003777551020420447e+02 1.673511788307307313e+01
1.013813605442189072e+02 1.675310774286933224e+01
1.023849659863957697e+02 1.677114741876784620e+01
1.033885714285726323e+02 1.678921292280593391e+01
1.043921768707494948e+02 1.680727945614085073e+01
1.053957823129263573e+02 1.682532297820555911e+01
1.063993877551032199e+02 1.684332216988896391e+01
1.074029931972800824e+02 1.686126026916547360e+01
1.084065986394569450e+02 1.687912627484333683e+01
1.094102040816338075e+02 1.689691523514781579e+01
1.104138095238106700e+02 1.691462764828624898e+01
1.114174149659875326e+02 1.693226824976760980e+01
1.124210204081643951e+02 1.694984455604944174e+01
1.134246258503412577e+02 1.696736548438289915e+01
1.144282312925181202e+02 1.698484024407113324e+01
1.154318367346949827e+02 1.700227756679892721e+01
1.164354421768718453e+02 1.701968525382202913e+01
1.174390476190487078e+02 1.703706997325828709e+01
1.184426530612255704e+02 1.705443723065089756e+01
1.194462585034024329e+02 1.707179144516587144e+01
1.204498639455792954e+02 1.708913608017800101e+01
1.214534693877561580e+02 1.710647379348017694e+01
1.224570748299330205e+02 1.712380658581039228e+01
1.234606802721098830e+02 1.714113593611767428e+01
1.244642857142867456e+02 1.715846291841060989e+01
1.254678911564636081e+02 1.717578829894595316e+01
1.264714965986404707e+02 1.719311261469932717e+01
1.274751020408173474e+02 1.721043623514092857e+01
1.284787074829941957e+02 1.722775940975695619e+01
1.294823129251710725e+02 1.724508230380017082e+01
1.304859183673479208e+02 1.726240502459374682e+01
1.314895238095247976e+02 1.727972764045220799e+01
1.324931292517016459e+02 1.729705019398170762e+01
1.334967346938785226e+02 1.731437271121176025e+01
1.345003401360553710e+02 1.733169520771699723e+01
1.355039455782322477e+02 1.734901769262334170e+01
1.365075510204090961e+02 1.736634017116697493e+01
1.375111564625859728e+02 1.738366264628967883e+01
1.385147619047628211e+02 1.740098511960975358e+01
1.395183673469396979e+02 1.741830759199891077e+01
1.405219727891165462e+02 1.743563006391691417e+01
1.415255782312934230e+02 1.745295253560119875e+01
1.425291836734702713e+02 1.747027500717192083e+01
1.435327891156471480e+02 1.748759747868854220e+01
1.445363945578239964e+02 1.750491995017987179e+01
1.455400000000008731e+02 1.752224242165967283e+01
1.465436054421777214e+02 1.753956489313428690e+01
1.475472108843545982e+02 1.755688736460663790e+01
1.485508163265314465e+02 1.757420983607799414e+01
1.495544217687083233e+02 1.759153230754892405e+01
1.505580272108851716e+02 1.760885477901968699e+01
1.515616326530620483e+02 1.762617725049040374e+01
1.525652380952388967e+02 1.764349972196107430e+01
1.535688435374157734e+02 1.766082219343175197e+01
1.545724489795926218e+02 1.767814466490239766e+01
1.555760544217694985e+02 1.769546713637307889e+01
1.565796598639463468e+02 1.771278960784373879e+01
1.575832653061232236e+02 1.773011207931437383e+01
1.585868707483000719e+02 1.774743455078504084e+01
1.595904761904769487e+02 1.776475702225570785e+01
1.605940816326537970e+02 1.778207949372638197e+01
1.615976870748306737e+02 1.779940196519702411e+01
1.626012925170075221e+02 1.781672443666768046e+01
1.636048979591843988e+02 1.783404690813835813e+01
1.646085034013612471e+02 1.785136937960899672e+01
1.656121088435381239e+02 1.786869185107966729e+01
1.666157142857149722e+02 1.788601432255031298e+01
1.676193197278918490e+02 1.790333679402098355e+01
1.686229251700686973e+02 1.792065926549165056e+01
1.696265306122455740e+02 1.793798173696230691e+01
1.706301360544224224e+02 1.795530420843297392e+01
1.716337414965992991e+02 1.797262667990360896e+01
1.726373469387761475e+02 1.798994915137427597e+01
1.736409523809530242e+02 1.800727162284494298e+01
1.746445578231298725e+02 1.802459409431559934e+01
1.756481632653067493e+02 1.804191656578626279e+01
1.766517687074835976e+02 1.805923903725692270e+01
1.776553741496604744e+02 1.807656150872756484e+01
1.786589795918373227e+02 1.809388398019823185e+01
1.796625850340141994e+02 1.811120645166888821e+01
1.806661904761910478e+02 1.812852892313955522e+01
1.816697959183679245e+02 1.814585139461021512e+01
1.826734013605447728e+02 1.816317386608087148e+01
1.836770068027216496e+02 1.818049633755152428e+01
1.846806122448984979e+02 1.819781880902218774e+01
1.856842176870753747e+02 1.821514128049285475e+01
1.866878231292522230e+02 1.823246375196350755e+01
1.876914285714290997e+02 1.824978622343417811e+01
1.886950340136059481e+02 1.826710869490481315e+01
1.896986394557828248e+02 1.828443116637549437e+01
1.907022448979597016e+02 1.830175363784612941e+01
1.917058503401365499e+02 1.831907610931680352e+01
1.927094557823134267e+02 1.833639858078747409e+01
1.937130612244902750e+02 1.835372105225813399e+01
1.947166666666671517e+02 1.837104352372878679e+01
1.957202721088440001e+02 1.838836599519945025e+01
1.967238775510208768e+02 1.840568846667009595e+01
1.977274829931977251e+02 1.842301093814077717e+01
1.987310884353746019e+02 1.844033340961142287e+01
1.997346938775514502e+02 1.845765588108208632e+01
2.007382993197283270e+02 1.847497835255273912e+01
2.017419047619051753e+02 1.849230082402340258e+01
2.027455102040820520e+02 1.850962329549406249e+01
2.037491156462589004e+02 1.852694576696471174e+01
2.047527210884357771e+02 1.854426823843539296e+01
2.057563265306126254e+02 1.856159070990604221e+01
2.067599319727895022e+02 1.857891318137669145e+01
2.077635374149663505e+02 1.859623565284735136e+01
2.087671428571432273e+02 1.861355812431802548e+01
2.097707482993200756e+02 1.863088059578866762e+01
2.107743537414969524e+02 1.864820306725931687e+01
2.117779591836738007e+02 1.866552553872998743e+01
2.127815646258506774e+02 1.868284801020065089e+01
2.137851700680275258e+02 1.870017048167131080e+01
2.147887755102044025e+02 1.871749295314196715e+01
2.157923809523812508e+02 1.873481542461261640e+01
2.167959863945581276e+02 1.875213789608329051e+01
2.177995918367349759e+02 1.876946036755394687e+01
2.188031972789118527e+02 1.878678283902459967e+01
2.198068027210887010e+02 1.880410531049527023e+01
2.208104081632655777e+02 1.882142778196593014e+01
2.218140136054424261e+02 1.883875025343661491e+01
2.228176190476193028e+02 1.885607272490733166e+01
2.238212244897961511e+02 1.887339519637813723e+01
2.248248299319730279e+02 1.889071766784915951e+01
2.258284353741498762e+02 1.890804013932073602e+01
2.268320408163267530e+02 1.892536261079361992e+01
2.278356462585036013e+02 1.894268508226966219e+01
2.288392517006804781e+02 1.896000755375297686e+01
2.298428571428573264e+02 1.897733002525290757e+01
2.308464625850342031e+02 1.899465249678988243e+01
2.318500680272110515e+02 1.901197496840794088e+01
2.328536734693879282e+02 1.902929744019976610e+01
2.338572789115647765e+02 1.904661991235677831e+01
2.348608843537416533e+02 1.906394238526576501e+01
2.358644897959185016e+02 1.908126485969262021e+01
2.368680952380953784e+02 1.909858733712207624e+01
2.378717006802722267e+02 1.911590982037314390e+01
2.388753061224491034e+02 1.913323231468718078e+01
2.398789115646259518e+02 1.915055482960695343e+01
2.408825170068028285e+02 1.916787738214610215e+01
2.418861224489796768e+02 1.918520000200855335e+01
2.428897278911565536e+02 1.920252273998018211e+01
2.438933333333334019e+02 1.921984568110110558e+01
2.448969387755102787e+02 1.923716896485254679e+01
2.459005442176871270e+02 1.925449281536759827e+01
2.469041496598640038e+02 1.927181758559256508e+01
2.479077551020408521e+02 1.928914382035927133e+01
2.489113605442177288e+02 1.930647234441368099e+01
2.499149659863945772e+02 1.932380438245740706e+01
2.509185714285714539e+02 1.934114171895152268e+01
2.519221768707483022e+02 1.935848690537149963e+01
2.529257823129251790e+02 1.937584352104353513e+01
2.539293877551020273e+02 1.939321648951283450e+01
2.549329931972789041e+02 1.941061244411638143e+01
2.559365986394557808e+02 1.942804012256306123e+01
2.569402040816326576e+02 1.944551075018205921e+01
2.579438095238094775e+02 1.946303834664760402e+01
2.589474149659863542e+02 1.948063986696026006e+01
2.599510204081632310e+02 1.949833507474296113e+01
2.609546258503401077e+02 1.951614605832195792e+01
2.619582312925169276e+02 1.953409634896406644e+01
2.629618367346938044e+02 1.955220968561464545e+01
2.639654421768706811e+02 1.957050857163198998e+01
2.649690476190475579e+02 1.958901284894379202e+01
2.659726530612243778e+02 1.960773853482574580e+01
2.669762585034012545e+02 1.962669710886958896e+01
2.679798639455781313e+02 1.964589532104036351e+01
2.689834693877550080e+02 1.966533546199526938e+01
2.699870748299318279e+02 1.968501594209137551e+01
2.709906802721087047e+02 1.970493199161797193e+01
2.719942857142855814e+02 1.972507631848120013e+01
2.729978911564624582e+02 1.974543961881968812e+01
2.740014965986392781e+02 1.976601090576491515e+01
2.750051020408161548e+02 1.978677768332478593e+01
2.760087074829930316e+02 1.980772603545416999e+01
2.770123129251699083e+02 1.982884071898715916e+01
2.780159183673467282e+02 1.985010534100844382e+01
2.790195238095236050e+02 1.987150266933854681e+01
2.800231292517004817e+02 1.989301507890364462e+01
2.810267346938773585e+02 1.991462509188166052e+01
2.820303401360541784e+02 1.993631594023489484e+01
2.830339455782310552e+02 1.995807207332224209e+01
2.840375510204079319e+02 1.997987954895818064e+01
2.850411564625848087e+02 2.000172627457104468e+01
2.860447619047616286e+02 2.002360209506660027e+01
2.870483673469385053e+02 2.004549874738766135e+01
2.880519727891153821e+02 2.006740971500458670e+01
2.890555782312922588e+02 2.008933001917737116e+01
2.900591836734690787e+02 2.011125598052959873e+01
2.910627891156459555e+02 2.013318497748070257e+01
2.920663945578228322e+02 2.015511522002460509e+01
2.930699999999997090e+02 2.017704554990068644e+01
