#  days V
# ref= XXXXX
# jd_expl= 2453549.0
# if missing data (gap 3 days), interpolate 
# type=  smooth 
# ebv= 0.0381801447653
# 
4.169999998994171619e-01 1.614700377862777714e+01
1.416945945845942134e+00 1.525941912889307517e+01
2.416891891792467106e+00 1.465986642461561651e+01
3.416837837738991634e+00 1.435141598016818776e+01
4.416783783685517051e+00 1.436684948149259000e+01
5.416729729632041135e+00 1.436945291725582941e+01
6.416675675578566107e+00 1.435944248342867624e+01
7.416621621525091079e+00 1.436862207566176863e+01
8.416567567471616940e+00 1.437642154642106007e+01
9.416513513418140136e+00 1.441984664653073445e+01
1.041645945936466511e+01 1.442736858088355412e+01
1.141640540531119008e+01 1.441033665701115218e+01
1.241635135125771505e+01 1.439079736220469030e+01
1.341629729720424002e+01 1.440843833809225139e+01
1.441624324315076500e+01 1.440886014525869108e+01
1.541618918909728997e+01 1.442140181421476441e+01
1.641613513504381672e+01 1.447325244260524713e+01
1.741608108099033814e+01 1.449666243681168964e+01
1.841602702693686311e+01 1.449089636884334098e+01
1.941597297288338808e+01 1.453304068894975387e+01
2.041591891882991305e+01 1.452734657943330099e+01
2.141586486477643803e+01 1.454095810273933331e+01
2.241581081072296300e+01 1.455398652509910740e+01
2.341575675666948797e+01 1.456624336734405567e+01
2.441570270261601294e+01 1.457704667576613211e+01
2.541564864856253791e+01 1.458505506674867469e+01
2.641559459450906289e+01 1.458941407732928752e+01
2.741554054045558786e+01 1.459085238022047903e+01
2.841548648640211283e+01 1.459069822802084282e+01
2.941543243234863780e+01 1.458984330821319020e+01
3.041537837829516278e+01 1.458873719956177695e+01
3.141532432424168775e+01 1.458766052171915995e+01
3.241527027018821627e+01 1.458691058908078375e+01
3.341521621613473769e+01 1.458678332195675154e+01
3.441516216208125911e+01 1.458724588882873796e+01
3.541510810802778764e+01 1.458790196680082474e+01
3.641505405397430906e+01 1.458850647094329744e+01
3.741499999992083758e+01 1.458906095483706800e+01
3.841494594586735900e+01 1.458959913409529641e+01
3.941489189181388753e+01 1.459009895723005634e+01
4.041483783776040895e+01 1.459056629616146239e+01
4.141478378370693747e+01 1.459130650338192048e+01
4.241472972965345889e+01 1.459294631424254263e+01
4.341467567559998741e+01 1.459570872020989185e+01
4.441462162154650883e+01 1.459914670657534863e+01
4.541456756749303736e+01 1.460268144322602879e+01
4.641451351343955878e+01 1.460585566668271262e+01
4.741445945938608730e+01 1.460827327540246579e+01
4.841440540533260872e+01 1.460956537164340041e+01
4.941435135127913725e+01 1.460948264315213052e+01
5.041429729722565867e+01 1.460798372912245036e+01
5.141424324317218719e+01 1.460515130720663990e+01
5.241418918911870861e+01 1.460103237846980306e+01
5.341413513506523714e+01 1.459560180810356123e+01
5.441408108101175856e+01 1.458887640792207741e+01
5.541402702695828708e+01 1.458104041873216872e+01
5.641397297290480850e+01 1.457244992202524791e+01
5.741391891885133703e+01 1.456358902061206706e+01
5.841386486479785844e+01 1.455514676175445032e+01
5.941381081074438697e+01 1.454827443672746945e+01
6.041375675669090839e+01 1.454482726607687226e+01
6.141370270263743691e+01 1.454676260477430105e+01
6.241364864858395833e+01 1.455403089584734388e+01
6.341359459453048686e+01 1.456376184761648673e+01
6.441354054047701538e+01 1.457325682667489986e+01
6.541348648642353680e+01 1.458194226258693327e+01
6.641343243237005822e+01 1.459020188957439323e+01
6.741337837831657964e+01 1.459831193349005751e+01
6.841332432426310106e+01 1.460648314765609967e+01
6.941327027020963669e+01 1.461516241473720434e+01
7.041321621615615811e+01 1.462488987923267736e+01
7.141316216210267953e+01 1.463540390641534827e+01
7.241310810804920095e+01 1.464489632059522251e+01
7.341305405399573658e+01 1.465149660593843350e+01
7.441299999994225800e+01 1.465565186282350396e+01
7.541294594588877942e+01 1.465945976747465274e+01
7.641289189183530084e+01 1.466447424794401044e+01
7.741283783778183647e+01 1.467105604831546373e+01
7.841278378372835789e+01 1.467889291633684401e+01
7.941272972967487931e+01 1.468753721332488027e+01
8.041267567562140073e+01 1.469662935822723426e+01
8.141262162156793636e+01 1.470590043767862198e+01
8.241256756751445778e+01 1.471509530007603139e+01
8.341251351346097920e+01 1.472393504071960635e+01
8.441245945940750062e+01 1.473219226408126126e+01
8.541240540535403625e+01 1.473980892450093805e+01
8.641235135130055767e+01 1.474690178868732104e+01
8.741229729724707909e+01 1.475365765271511442e+01
8.841224324319360051e+01 1.476024563135760914e+01
8.941218918914013614e+01 1.476679744423257645e+01
9.041213513508665756e+01 1.477342235308408647e+01
9.141208108103317898e+01 1.478021318036353904e+01
9.241202702697970039e+01 1.478722537517539415e+01
9.341197297292623603e+01 1.479445819217183455e+01
9.441191891887275744e+01 1.480187616583190646e+01
9.541186486481927886e+01 1.480944949422773860e+01
9.641181081076580028e+01 1.481717577574502975e+01
9.741175675671232170e+01 1.482509034069066978e+01
9.841170270265885733e+01 1.483329935494966456e+01
9.941164864860537875e+01 1.484207524857267124e+01
1.004115945945519002e+02 1.488311999778248840e+01
1.014115405404984216e+02 1.490247463567467179e+01
1.024114864864449572e+02 1.492435268740900156e+01
1.034114324323914786e+02 1.494875647480440861e+01
1.044113783783380001e+02 1.497560230257673375e+01
1.054113243242845215e+02 1.500477513932597873e+01
1.064112702702310571e+02 1.503618260633977499e+01
1.074112162161775785e+02 1.506979409629514066e+01
1.084111621621241000e+02 1.510566530187744405e+01
1.094111081080706214e+02 1.514395908767221677e+01
1.104110540540171570e+02 1.518497736684906840e+01
1.114109999999636784e+02 1.522921725768374124e+01
1.124109459459101998e+02 1.527745947079859690e+01
1.134108918918567213e+02 1.533088532353191269e+01
1.144108378378032569e+02 1.539119606293801823e+01
1.154107837837497783e+02 1.546067123594799497e+01
1.164107297296962997e+02 1.554205995695914488e+01
1.174106756756428211e+02 1.563818275609863662e+01
1.184106216215893568e+02 1.575119175080837941e+01
1.194105675675358782e+02 1.588163962730892997e+01
1.204105135134823996e+02 1.602777890651758952e+01
1.214104594594289210e+02 1.618561136533593015e+01
1.224104054053754567e+02 1.634988316763339355e+01
1.234103513513219781e+02 1.651559626933904212e+01
1.244102972972684995e+02 1.667923512660208019e+01
1.254102432432150209e+02 1.683917052249526591e+01
1.264101891891615566e+02 1.699530571030103232e+01
1.274101351351080780e+02 1.714840431879413885e+01
1.284100810810546136e+02 1.729949953578980981e+01
1.294100270270011208e+02 1.744954896252039234e+01
1.304099729729476564e+02 1.759930830584942640e+01
1.314099189188941637e+02 1.774931843459488690e+01
1.324098648648406993e+02 1.789989453857983293e+01
1.334098108107872349e+02 1.805102558536268731e+01
1.344097567567337421e+02 1.820212383738703821e+01
1.354097027026802778e+02 1.835163031057694383e+01
1.364096486486267850e+02 1.849661718053543069e+01
1.374095945945733206e+02 1.863271211630170399e+01
1.384095405405198562e+02 1.875473218445871026e+01
1.394094864864663634e+02 1.885809033908361698e+01
1.404094324324128991e+02 1.894036798615655925e+01
1.414093783783594347e+02 1.900208592733968516e+01
1.424093243243059419e+02 1.904622423100605033e+01
1.434092702702524775e+02 1.907695799673647485e+01
1.444092162161989847e+02 1.909843233912145877e+01
1.454091621621455204e+02 1.911405263073490701e+01
1.464091081080920560e+02 1.912628905706615612e+01
1.474090540540385632e+02 1.913677964092444839e+01
1.484089999999850988e+02 1.914653326916121756e+01
1.494089459459316345e+02 1.915612437159586534e+01
1.504088918918781417e+02 1.916584270555705416e+01
1.514088378378246773e+02 1.917579812598951960e+01
1.524087837837711845e+02 1.918599213073822085e+01
1.534087297297177201e+02 1.919636779141790583e+01
1.544086756756642558e+02 1.920684527933046581e+01
1.554086216216107630e+02 1.921734592817947274e+01
1.564085675675572986e+02 1.922780573907904156e+01
1.574085135135038342e+02 1.923817955788695855e+01
1.584084594594503415e+02 1.924843848461422979e+01
1.594084054053968771e+02 1.925856383503955627e+01
1.604083513513433843e+02 1.926854053763411656e+01
1.614082972972899199e+02 1.927835164479290952e+01
1.624082432432364556e+02 1.928797445123739962e+01
1.634081891891829628e+02 1.929737804160865622e+01
1.644081351351294984e+02 1.930652198989602297e+01
1.654080810810760056e+02 1.931535618533273535e+01
1.664080270270225412e+02 1.932382206309885220e+01
1.674079729729690769e+02 1.933185561932422303e+01
1.684079189189155841e+02 1.933939236079194046e+01
1.694078648648621197e+02 1.934637382749108880e+01
1.704078108108086553e+02 1.935275472101556815e+01
1.714077567567551625e+02 1.935850919636746070e+01
1.724077027027016982e+02 1.936363471185798701e+01
1.734076486486482054e+02 1.936815215439624183e+01
1.744075945945947410e+02 1.937210188109298059e+01
1.754075405405412766e+02 1.937553664126541975e+01
1.764074864864877838e+02 1.937851341585455245e+01
1.774074324324343195e+02 1.938108635436503135e+01
1.784073783783808551e+02 1.938330212878874548e+01
1.794073243243273623e+02 1.938519776630389302e+01
1.804072702702738979e+02 1.938680009055731901e+01
1.814072162162204052e+02 1.938812561407206658e+01
1.824071621621669408e+02 1.938917997452542608e+01
1.834071081081134764e+02 1.938995654534782531e+01
1.844070540540599836e+02 1.939043450625374732e+01
1.854070000000065193e+02 1.939057736382928709e+01
1.864069459459530549e+02 1.939033357816255077e+01
1.874068918918995621e+02 1.938964131251029599e+01
1.884068378378460977e+02 1.938843887502375907e+01
1.894067837837926049e+02 1.938668065042092792e+01
1.904067297297391406e+02 1.938435531767918363e+01
1.914066756756856762e+02 1.938150025674616472e+01
1.924066216216321834e+02 1.937820555706407788e+01
1.934065675675787190e+02 1.937460440942415829e+01
1.944065135135252262e+02 1.937085255305625253e+01
1.954064594594717619e+02 1.936710416412494951e+01
1.964064054054182975e+02 1.936349214166969901e+01
1.974063513513648047e+02 1.936011744018554026e+01
1.984062972973113403e+02 1.935704766920488495e+01
1.994062432432578760e+02 1.935432219793468889e+01
2.004061891892043832e+02 1.935196023656648023e+01
2.014061351351509188e+02 1.934996912693872773e+01
2.024060810810974260e+02 1.934835132286546866e+01
2.034060270270439617e+02 1.934710958807040271e+01
2.044059729729904973e+02 1.934625055987708109e+01
2.054059189189370045e+02 1.934578706721232422e+01
2.064058648648835401e+02 1.934573958035776542e+01
2.074058108108300758e+02 1.934613700885977039e+01
2.084057567567765830e+02 1.934701680132558721e+01
2.094057027027231186e+02 1.934842396073565141e+01
2.104056486486696258e+02 1.935040824186071617e+01
2.114055945946161614e+02 1.935301864299848162e+01
2.124055405405626971e+02 1.935629468437130285e+01
2.134054864865092043e+02 1.936025517471492563e+01
2.144054324324557399e+02 1.936488702608305346e+01
2.154053783784022755e+02 1.937013818677483457e+01
2.164053243243487827e+02 1.937591848374113113e+01
2.174052702702953184e+02 1.938210948368984887e+01
2.184052162162418256e+02 1.938858064775118351e+01
2.194051621621883612e+02 1.939520649980062217e+01
2.204051081081348968e+02 1.940187978499099231e+01
2.214050540540814040e+02 1.940851805872483382e+01
2.224050000000279397e+02 1.941506393846368539e+01
2.234049459459744753e+02 1.942148092285736993e+01
2.244048918919209825e+02 1.942774700044934733e+01
2.254048378378675181e+02 1.943384782755745377e+01
2.264047837838140254e+02 1.943977074537675875e+01
2.274047297297605610e+02 1.944550066758949569e+01
2.284046756757070966e+02 1.945101877314266403e+01
2.294046216216536038e+02 1.945630454939743004e+01
2.304045675676001395e+02 1.946134073038291135e+01
2.314045135135466467e+02 1.946611935388834880e+01
2.324044594594931823e+02 1.947064642284089331e+01
2.334044054054397179e+02 1.947494322931949995e+01
2.344043513513862251e+02 1.947904399648576401e+01
2.354042972973327608e+02 1.948299100352794255e+01
2.364042432432792964e+02 1.948682889834365639e+01
2.374041891892258036e+02 1.949059947934870607e+01
2.384041351351723392e+02 1.949433745396473583e+01
2.394040810811188464e+02 1.949806714657986717e+01
2.404040270270653821e+02 1.950180007343271527e+01
2.414039729730119177e+02 1.950553362019355319e+01
2.424039189189584249e+02 1.950925140435908745e+01
2.434038648649049605e+02 1.951292585680929648e+01
2.444038108108514962e+02 1.951652291142469409e+01
2.454037567567980034e+02 1.952000774548917406e+01
2.464037027027445390e+02 1.952334994518766820e+01
2.474036486486910462e+02 1.952652675038497065e+01
2.484035945946375818e+02 1.952952396139945890e+01
2.494035405405841175e+02 1.953233501935335426e+01
2.504034864865306247e+02 1.953495921481864528e+01
2.514034324324771603e+02 1.953739991615566751e+01
2.524033783784236959e+02 1.953966340618459441e+01
2.534033243243702032e+02 1.954175862442247080e+01
2.544032702703167388e+02 1.954369792608094869e+01
2.554032162162632460e+02 1.954549884755734723e+01
2.564031621622098100e+02 1.954718670819246995e+01
2.574031081081562888e+02 1.954879758219880515e+01
2.584030540541028245e+02 1.955038072708742192e+01
2.594030000000493601e+02 1.955199911616287878e+01
2.604029459459958957e+02 1.955372667302662393e+01
2.614028918919424314e+02 1.955564157678852766e+01
2.624028378378889101e+02 1.955781662976115243e+01
2.634027837838354458e+02 1.956030939453348694e+01
2.644027297297819814e+02 1.956315537498018031e+01
2.654026756757285170e+02 1.956636630163658097e+01
2.664026216216750527e+02 1.956993332033474076e+01
2.674025675676215315e+02 1.957383308207715444e+01
2.684025135135680671e+02 1.957803432843925862e+01
2.694024594595146027e+02 1.958250333338110494e+01
2.704024054054611383e+02 1.958720765282644649e+01
2.714023513514076740e+02 1.959211837812264534e+01
2.724022972973541528e+02 1.959721130624915020e+01
2.734022432433006884e+02 1.960246729914687691e+01
2.744021891892472240e+02 1.960787189081546700e+01
2.754021351351937597e+02 1.961341413785988408e+01
2.764020810811402953e+02 1.961908486105273042e+01
2.774020270270868309e+02 1.962487467556044507e+01
2.784019729730333097e+02 1.963077234916591962e+01
2.794019189189798453e+02 1.963676392910116419e+01
2.804018648649263810e+02 1.964283278567724622e+01
2.814018108108729166e+02 1.964896040845151859e+01
2.824017567568194522e+02 1.965512761308730916e+01
2.834017027027659310e+02 1.966131581314602172e+01
2.844016486487124666e+02 1.966750811790898723e+01
2.854015945946590023e+02 1.967369014503198343e+01
2.864015405406055379e+02 1.967985052731750883e+01
2.874014864865520735e+02 1.968598113409909445e+01
2.884014324324985523e+02 1.969207703731619574e+01
2.894013783784450879e+02 1.969813625440515636e+01
2.904013243243916236e+02 1.970415930914064262e+01
2.914012702703381592e+02 1.971014866778034857e+01
2.924012162162846948e+02 1.971610812208744079e+01
2.934011621622311736e+02 1.972204219327885255e+01
2.944011081081777093e+02 1.972795561822811194e+01
2.954010540541242449e+02 1.973385295549090657e+01
2.964010000000707805e+02 1.973973832215168400e+01
