#t(days)      M_bol           U             B            V           R            I             J          H           K
#
#  absolute magnitude  *  -1 
#
      0.23   1.3472e+01   1.3127e+01   1.2085e+01   1.1832e+01   1.1735e+01   1.1861e+01   1.1571e+01   6.9522e+00  -8.2279e+01 
      0.47   1.5490e+01   1.5060e+01   1.3918e+01   1.3692e+01   1.3656e+01   1.3401e+01   1.2973e+01   8.9554e+00  -8.2279e+01 
      0.72   1.6312e+01   1.6025e+01   1.4889e+01   1.4645e+01   1.4590e+01   1.4361e+01   1.3851e+01   9.9234e+00  -8.2279e+01 
      0.97   1.6587e+01   1.6556e+01   1.5490e+01   1.5239e+01   1.5128e+01   1.4856e+01   1.4373e+01   1.0644e+01  -8.2279e+01 
      1.23   1.6695e+01   1.6903e+01   1.5832e+01   1.5628e+01   1.5532e+01   1.5238e+01   1.4720e+01   1.0701e+01  -8.2279e+01 
      1.48   1.6730e+01   1.7109e+01   1.6119e+01   1.5919e+01   1.5803e+01   1.5487e+01   1.4978e+01   1.1188e+01  -8.2279e+01 
      1.73   1.6766e+01   1.7200e+01   1.6345e+01   1.6158e+01   1.6045e+01   1.5731e+01   1.5181e+01   1.1238e+01  -8.2279e+01 
      1.98   1.6817e+01   1.7307e+01   1.6537e+01   1.6368e+01   1.6246e+01   1.5918e+01   1.5224e+01   1.1231e+01  -8.2279e+01 
      2.23   1.6884e+01   1.7388e+01   1.6707e+01   1.6545e+01   1.6440e+01   1.6072e+01   1.5391e+01   1.1545e+01  -8.2279e+01 
      2.48   1.6984e+01   1.7508e+01   1.6879e+01   1.6732e+01   1.6620e+01   1.6219e+01   1.5560e+01   1.1378e+01  -8.2279e+01 
      2.73   1.7094e+01   1.7621e+01   1.7027e+01   1.6884e+01   1.6769e+01   1.6345e+01   1.5674e+01   1.1761e+01  -8.2279e+01 
      2.98   1.7212e+01   1.7742e+01   1.7163e+01   1.7041e+01   1.6920e+01   1.6493e+01   1.5755e+01   1.1978e+01  -8.2279e+01 
      3.23   1.7316e+01   1.7865e+01   1.7288e+01   1.7171e+01   1.7030e+01   1.6616e+01   1.5808e+01   1.1862e+01  -8.2279e+01 
      3.48   1.7418e+01   1.7958e+01   1.7416e+01   1.7280e+01   1.7149e+01   1.6733e+01   1.5914e+01   1.2010e+01  -8.2279e+01 
      3.73   1.7512e+01   1.8055e+01   1.7512e+01   1.7403e+01   1.7271e+01   1.6836e+01   1.6014e+01   1.2019e+01  -8.2279e+01 
      3.98   1.7590e+01   1.8133e+01   1.7612e+01   1.7477e+01   1.7350e+01   1.6928e+01   1.6017e+01   1.1860e+01  -8.2279e+01 
      4.22   1.7685e+01   1.8234e+01   1.7715e+01   1.7581e+01   1.7460e+01   1.7040e+01   1.6209e+01   1.2000e+01  -8.2279e+01 
      4.47   1.7754e+01   1.8315e+01   1.7786e+01   1.7673e+01   1.7535e+01   1.7113e+01   1.6201e+01   1.2092e+01  -8.2279e+01 
      4.72   1.7822e+01   1.8386e+01   1.7861e+01   1.7737e+01   1.7603e+01   1.7196e+01   1.6249e+01   1.2316e+01  -8.2279e+01 
      4.97   1.7874e+01   1.8443e+01   1.7923e+01   1.7809e+01   1.7658e+01   1.7251e+01   1.6274e+01   1.2094e+01  -8.2279e+01 
      5.22   1.7927e+01   1.8505e+01   1.7984e+01   1.7862e+01   1.7712e+01   1.7308e+01   1.6285e+01   1.2106e+01  -8.2279e+01 
      5.47   1.7983e+01   1.8563e+01   1.8038e+01   1.7925e+01   1.7770e+01   1.7355e+01   1.6330e+01   1.2033e+01  -8.2279e+01 
      5.72   1.8029e+01   1.8607e+01   1.8089e+01   1.7975e+01   1.7832e+01   1.7413e+01   1.6372e+01   1.2201e+01  -8.2279e+01 
      5.97   1.8067e+01   1.8649e+01   1.8130e+01   1.8019e+01   1.7864e+01   1.7458e+01   1.6381e+01   1.2169e+01  -8.2279e+01 
      6.22   1.8102e+01   1.8681e+01   1.8176e+01   1.8068e+01   1.7910e+01   1.7508e+01   1.6349e+01   1.2367e+01  -8.2279e+01 
      6.47   1.8132e+01   1.8712e+01   1.8210e+01   1.8109e+01   1.7944e+01   1.7556e+01   1.6381e+01   1.2049e+01  -8.2279e+01 
      6.72   1.8168e+01   1.8756e+01   1.8252e+01   1.8139e+01   1.7974e+01   1.7590e+01   1.6382e+01   1.2193e+01  -8.2279e+01 
      6.97   1.8184e+01   1.8761e+01   1.8275e+01   1.8168e+01   1.8003e+01   1.7626e+01   1.6403e+01   1.2238e+01  -8.2279e+01 
      7.22   1.8205e+01   1.8785e+01   1.8302e+01   1.8199e+01   1.8034e+01   1.7671e+01   1.6390e+01   1.2042e+01  -8.2279e+01 
      7.47   1.8221e+01   1.8807e+01   1.8324e+01   1.8227e+01   1.8054e+01   1.7675e+01   1.6329e+01   1.1969e+01  -8.2279e+01 
      7.72   1.8232e+01   1.8810e+01   1.8344e+01   1.8241e+01   1.8067e+01   1.7709e+01   1.6280e+01   1.1786e+01  -8.2279e+01 
      7.97   1.8248e+01   1.8826e+01   1.8367e+01   1.8276e+01   1.8094e+01   1.7719e+01   1.6257e+01   1.1558e+01  -8.2279e+01 
      8.22   1.8263e+01   1.8849e+01   1.8384e+01   1.8279e+01   1.8101e+01   1.7740e+01   1.6291e+01   1.1526e+01  -8.2279e+01 
      8.47   1.8274e+01   1.8853e+01   1.8403e+01   1.8303e+01   1.8118e+01   1.7759e+01   1.6114e+01   1.1587e+01  -8.2279e+01 
      8.72   1.8271e+01   1.8845e+01   1.8415e+01   1.8310e+01   1.8119e+01   1.7770e+01   1.6130e+01   1.1397e+01  -8.2279e+01 
      8.97   1.8269e+01   1.8835e+01   1.8419e+01   1.8323e+01   1.8130e+01   1.7777e+01   1.5987e+01   1.1430e+01  -8.2279e+01 
      9.22   1.8270e+01   1.8822e+01   1.8430e+01   1.8334e+01   1.8139e+01   1.7791e+01   1.5920e+01   1.1101e+01  -8.2279e+01 
      9.47   1.8270e+01   1.8824e+01   1.8434e+01   1.8333e+01   1.8140e+01   1.7798e+01   1.5814e+01   1.0685e+01  -8.2279e+01 
      9.72   1.8261e+01   1.8805e+01   1.8435e+01   1.8340e+01   1.8131e+01   1.7799e+01   1.5724e+01   1.0857e+01  -8.2279e+01 
      9.97   1.8255e+01   1.8795e+01   1.8436e+01   1.8332e+01   1.8132e+01   1.7810e+01   1.5560e+01   1.0961e+01  -8.2279e+01 
     10.22   1.8253e+01   1.8788e+01   1.8442e+01   1.8331e+01   1.8123e+01   1.7813e+01   1.5433e+01   1.0333e+01  -8.2279e+01 
     10.47   1.8247e+01   1.8769e+01   1.8440e+01   1.8338e+01   1.8128e+01   1.7832e+01   1.5358e+01   1.0687e+01  -8.2279e+01 
     10.72   1.8239e+01   1.8761e+01   1.8443e+01   1.8329e+01   1.8112e+01   1.7807e+01   1.5203e+01   1.0406e+01  -8.2279e+01 
     10.97   1.8228e+01   1.8758e+01   1.8428e+01   1.8311e+01   1.8102e+01   1.7825e+01   1.5123e+01   9.7593e+00  -8.2279e+01 
     11.22   1.8223e+01   1.8753e+01   1.8434e+01   1.8294e+01   1.8092e+01   1.7823e+01   1.4917e+01   1.0287e+01  -8.2279e+01 
     11.47   1.8208e+01   1.8725e+01   1.8427e+01   1.8289e+01   1.8078e+01   1.7840e+01   1.4851e+01   9.8635e+00  -8.2279e+01 
     11.72   1.8185e+01   1.8682e+01   1.8410e+01   1.8275e+01   1.8063e+01   1.7820e+01   1.4827e+01   1.0032e+01  -8.2279e+01 
     11.97   1.8160e+01   1.8630e+01   1.8395e+01   1.8259e+01   1.8050e+01   1.7830e+01   1.4807e+01   1.0546e+01  -8.2279e+01 
     12.22   1.8137e+01   1.8594e+01   1.8383e+01   1.8244e+01   1.8024e+01   1.7812e+01   1.4654e+01   9.6712e+00  -8.2279e+01 
     12.47   1.8110e+01   1.8542e+01   1.8361e+01   1.8232e+01   1.8011e+01   1.7815e+01   1.4567e+01   9.8418e+00  -8.2279e+01 
     12.72   1.8065e+01   1.8460e+01   1.8330e+01   1.8197e+01   1.7970e+01   1.7790e+01   1.4607e+01   9.4123e+00  -8.2279e+01 
     12.97   1.8021e+01   1.8366e+01   1.8291e+01   1.8183e+01   1.7954e+01   1.7800e+01   1.4602e+01   1.0454e+01  -8.2279e+01 
     13.22   1.7972e+01   1.8272e+01   1.8246e+01   1.8153e+01   1.7920e+01   1.7788e+01   1.4599e+01   9.9923e+00  -8.2279e+01 
     13.47   1.7918e+01   1.8162e+01   1.8178e+01   1.8128e+01   1.7899e+01   1.7778e+01   1.4495e+01   1.0051e+01  -8.2279e+01 
     13.72   1.7851e+01   1.8044e+01   1.8093e+01   1.8105e+01   1.7862e+01   1.7759e+01   1.4404e+01   1.0005e+01  -8.2279e+01 
     13.97   1.7793e+01   1.7928e+01   1.8008e+01   1.8081e+01   1.7823e+01   1.7777e+01   1.4446e+01   9.6832e+00  -8.2279e+01 
     14.22   1.7725e+01   1.7774e+01   1.7914e+01   1.8053e+01   1.7792e+01   1.7782e+01   1.4373e+01   1.0532e+01  -8.2279e+01 
     14.47   1.7659e+01   1.7618e+01   1.7828e+01   1.8023e+01   1.7748e+01   1.7806e+01   1.4396e+01   9.8166e+00  -8.2279e+01 
     14.72   1.7601e+01   1.7443e+01   1.7750e+01   1.8016e+01   1.7704e+01   1.7811e+01   1.4384e+01   1.0121e+01  -8.2279e+01 
     14.97   1.7536e+01   1.7232e+01   1.7656e+01   1.7994e+01   1.7659e+01   1.7846e+01   1.4280e+01   1.0912e+01  -8.2279e+01 
     15.22   1.7478e+01   1.7011e+01   1.7573e+01   1.7980e+01   1.7619e+01   1.7862e+01   1.4335e+01   1.0628e+01  -8.2279e+01 
     15.47   1.7415e+01   1.6782e+01   1.7458e+01   1.7980e+01   1.7566e+01   1.7870e+01   1.4159e+01   1.1057e+01  -8.2279e+01 
     15.72   1.7367e+01   1.6575e+01   1.7358e+01   1.7985e+01   1.7537e+01   1.7881e+01   1.4143e+01   1.1525e+01  -8.2279e+01 
     15.97   1.7316e+01   1.6340e+01   1.7245e+01   1.7984e+01   1.7513e+01   1.7888e+01   1.4156e+01   1.1596e+01  -8.2279e+01 
     16.23   1.7274e+01   1.6167e+01   1.7126e+01   1.7995e+01   1.7478e+01   1.7902e+01   1.4231e+01   1.2020e+01  -8.2279e+01 
     16.48   1.7240e+01   1.5926e+01   1.6989e+01   1.8001e+01   1.7492e+01   1.7919e+01   1.4350e+01   1.2258e+01  -8.2279e+01 
     16.73   1.7203e+01   1.5742e+01   1.6852e+01   1.8002e+01   1.7491e+01   1.7926e+01   1.4306e+01   1.2493e+01  -8.2279e+01 
     16.98   1.7195e+01   1.5589e+01   1.6731e+01   1.8025e+01   1.7540e+01   1.7926e+01   1.4412e+01   1.2702e+01  -8.2279e+01 
     17.23   1.7175e+01   1.5389e+01   1.6590e+01   1.8020e+01   1.7581e+01   1.7942e+01   1.4454e+01   1.2898e+01  -8.2279e+01 
     17.48   1.7174e+01   1.5228e+01   1.6452e+01   1.8034e+01   1.7646e+01   1.7947e+01   1.4660e+01   1.3203e+01  -8.2279e+01 
     17.73   1.7174e+01   1.5039e+01   1.6301e+01   1.8021e+01   1.7731e+01   1.7961e+01   1.4774e+01   1.3275e+01  -8.2279e+01 
     17.98   1.7166e+01   1.4895e+01   1.6156e+01   1.8000e+01   1.7771e+01   1.7965e+01   1.4992e+01   1.3507e+01  -8.2279e+01 
     18.23   1.7169e+01   1.4651e+01   1.6019e+01   1.7973e+01   1.7844e+01   1.7956e+01   1.5034e+01   1.3643e+01  -8.2279e+01 
     18.48   1.7165e+01   1.4522e+01   1.5877e+01   1.7931e+01   1.7876e+01   1.7966e+01   1.5307e+01   1.3802e+01  -8.2279e+01 
     18.73   1.7151e+01   1.4348e+01   1.5749e+01   1.7869e+01   1.7891e+01   1.7959e+01   1.5468e+01   1.4076e+01  -8.2279e+01 
     18.98   1.7137e+01   1.4132e+01   1.5586e+01   1.7818e+01   1.7905e+01   1.7953e+01   1.5573e+01   1.4110e+01  -8.2279e+01 
     19.23   1.7115e+01   1.4076e+01   1.5485e+01   1.7740e+01   1.7891e+01   1.7941e+01   1.5764e+01   1.4248e+01  -8.2279e+01 
     19.48   1.7093e+01   1.3842e+01   1.5370e+01   1.7668e+01   1.7866e+01   1.7941e+01   1.5946e+01   1.4291e+01  -8.2279e+01 
     19.73   1.7080e+01   1.3705e+01   1.5262e+01   1.7613e+01   1.7861e+01   1.7946e+01   1.6047e+01   1.4343e+01  -8.2279e+01 
     19.98   1.7063e+01   1.3647e+01   1.5167e+01   1.7559e+01   1.7833e+01   1.7952e+01   1.6163e+01   1.4498e+01  -8.2279e+01 
     20.23   1.7037e+01   1.3451e+01   1.5079e+01   1.7489e+01   1.7798e+01   1.7931e+01   1.6280e+01   1.4568e+01  -8.2279e+01 
     20.48   1.7022e+01   1.3375e+01   1.5021e+01   1.7431e+01   1.7779e+01   1.7918e+01   1.6375e+01   1.4665e+01  -8.2279e+01 
     20.73   1.7000e+01   1.3313e+01   1.4930e+01   1.7358e+01   1.7744e+01   1.7922e+01   1.6423e+01   1.4691e+01  -8.2279e+01 
     20.98   1.6979e+01   1.3142e+01   1.4863e+01   1.7298e+01   1.7713e+01   1.7921e+01   1.6567e+01   1.4743e+01  -8.2279e+01 
     21.23   1.6962e+01   1.3198e+01   1.4763e+01   1.7253e+01   1.7687e+01   1.7919e+01   1.6622e+01   1.4729e+01  -8.2279e+01 
     21.48   1.6918e+01   1.3139e+01   1.4691e+01   1.7146e+01   1.7629e+01   1.7889e+01   1.6680e+01   1.4766e+01  -8.2279e+01 
     21.73   1.6037e+01   1.2546e+01   1.3964e+01   1.6107e+01   1.6672e+01   1.7096e+01   1.5809e+01   1.4227e+01  -8.2279e+01 
     21.98   1.3824e+01   1.1570e+01   1.2882e+01   1.4033e+01   1.3974e+01   1.5262e+01   1.1593e+01   1.1509e+01  -8.2279e+01 
     22.23   1.1773e+01   1.0211e+01   1.1005e+01   1.1264e+01   1.0342e+01   1.3824e+01   8.3934e+00  -8.2506e+01  -8.2279e+01 
     22.48   9.5997e+00   8.1077e+00   7.8064e+00  -8.6463e+01   7.1560e+00   1.1975e+01   5.0307e+00  -8.2506e+01  -8.2279e+01 
     22.73   6.7734e+00   5.5622e+00   6.1813e+00  -8.6463e+01   4.1256e+00   8.9269e+00  -8.2932e+01  -8.2506e+01  -8.2279e+01 
     22.98   4.9988e+00   7.1599e+00   4.4751e+00  -8.6463e+01  -8.6529e+01  -8.5760e+01  -8.2932e+01  -8.2506e+01  -8.2279e+01 
     23.23   4.9440e+00   7.2297e+00   2.9464e+00  -8.6463e+01  -8.6529e+01  -8.5760e+01  -8.2932e+01  -8.2506e+01  -8.2279e+01 
     23.48  -8.8532e+01  -8.6243e+01  -8.7139e+01  -8.6463e+01  -8.6529e+01  -8.5760e+01  -8.2932e+01  -8.2506e+01  -8.2279e+01 
     23.73  -8.8532e+01  -8.6243e+01  -8.7139e+01  -8.6463e+01  -8.6529e+01  -8.5760e+01  -8.2932e+01  -8.2506e+01  -8.2279e+01 
     23.98  -8.8532e+01  -8.6243e+01  -8.7139e+01  -8.6463e+01  -8.6529e+01  -8.5760e+01  -8.2932e+01  -8.2506e+01  -8.2279e+01 
     24.23  -8.8532e+01  -8.6243e+01  -8.7139e+01  -8.6463e+01  -8.6529e+01  -8.5760e+01  -8.2932e+01  -8.2506e+01  -8.2279e+01 
     24.48  -8.8532e+01  -8.6243e+01  -8.7139e+01  -8.6463e+01  -8.6529e+01  -8.5760e+01  -8.2932e+01  -8.2506e+01  -8.2279e+01 
     24.73  -8.8532e+01  -8.6243e+01  -8.7139e+01  -8.6463e+01  -8.6529e+01  -8.5760e+01  -8.2932e+01  -8.2506e+01  -8.2279e+01 
     24.98  -8.8532e+01  -8.6243e+01  -8.7139e+01  -8.6463e+01  -8.6529e+01  -8.5760e+01  -8.2932e+01  -8.2506e+01  -8.2279e+01 
     25.23  -8.8532e+01  -8.6243e+01  -8.7139e+01  -8.6463e+01  -8.6529e+01  -8.5760e+01  -8.2932e+01  -8.2506e+01  -8.2279e+01 
     25.48  -8.8532e+01  -8.6243e+01  -8.7139e+01  -8.6463e+01  -8.6529e+01  -8.5760e+01  -8.2932e+01  -8.2506e+01  -8.2279e+01 
     25.73  -8.8532e+01  -8.6243e+01  -8.7139e+01  -8.6463e+01  -8.6529e+01  -8.5760e+01  -8.2932e+01  -8.2506e+01  -8.2279e+01 
     25.98  -8.8532e+01  -8.6243e+01  -8.7139e+01  -8.6463e+01  -8.6529e+01  -8.5760e+01  -8.2932e+01  -8.2506e+01  -8.2279e+01 
     26.23  -8.8532e+01  -8.6243e+01  -8.7139e+01  -8.6463e+01  -8.6529e+01  -8.5760e+01  -8.2932e+01  -8.2506e+01  -8.2279e+01 
     26.48  -8.8532e+01  -8.6243e+01  -8.7139e+01  -8.6463e+01  -8.6529e+01  -8.5760e+01  -8.2932e+01  -8.2506e+01  -8.2279e+01 
     26.73  -8.8532e+01  -8.6243e+01  -8.7139e+01  -8.6463e+01  -8.6529e+01  -8.5760e+01  -8.2932e+01  -8.2506e+01  -8.2279e+01 
     26.98  -8.8532e+01  -8.6243e+01  -8.7139e+01  -8.6463e+01  -8.6529e+01  -8.5760e+01  -8.2932e+01  -8.2506e+01  -8.2279e+01 
     27.23  -8.8532e+01  -8.6243e+01  -8.7139e+01  -8.6463e+01  -8.6529e+01  -8.5760e+01  -8.2932e+01  -8.2506e+01  -8.2279e+01 
     27.48  -8.8532e+01  -8.6243e+01  -8.7139e+01  -8.6463e+01  -8.6529e+01  -8.5760e+01  -8.2932e+01  -8.2506e+01  -8.2279e+01 
     27.73  -8.8532e+01  -8.6243e+01  -8.7139e+01  -8.6463e+01  -8.6529e+01  -8.5760e+01  -8.2932e+01  -8.2506e+01  -8.2279e+01 
     27.98  -8.8532e+01  -8.6243e+01  -8.7139e+01  -8.6463e+01  -8.6529e+01  -8.5760e+01  -8.2932e+01  -8.2506e+01  -8.2279e+01 
     28.23  -8.8532e+01  -8.6243e+01  -8.7139e+01  -8.6463e+01  -8.6529e+01  -8.5760e+01  -8.2932e+01  -8.2506e+01  -8.2279e+01 
     28.48  -8.8532e+01  -8.6243e+01  -8.7139e+01  -8.6463e+01  -8.6529e+01  -8.5760e+01  -8.2932e+01  -8.2506e+01  -8.2279e+01 
     28.73  -8.8532e+01  -8.6243e+01  -8.7139e+01  -8.6463e+01  -8.6529e+01  -8.5760e+01  -8.2932e+01  -8.2506e+01  -8.2279e+01 
     28.98  -8.8532e+01  -8.6243e+01  -8.7139e+01  -8.6463e+01  -8.6529e+01  -8.5760e+01  -8.2932e+01  -8.2506e+01  -8.2279e+01 
     29.23  -8.8532e+01  -8.6243e+01  -8.7139e+01  -8.6463e+01  -8.6529e+01  -8.5760e+01  -8.2932e+01  -8.2506e+01  -8.2279e+01 
     29.48  -8.8532e+01  -8.6243e+01  -8.7139e+01  -8.6463e+01  -8.6529e+01  -8.5760e+01  -8.2932e+01  -8.2506e+01  -8.2279e+01 
     29.73  -8.8532e+01  -8.6243e+01  -8.7139e+01  -8.6463e+01  -8.6529e+01  -8.5760e+01  -8.2932e+01  -8.2506e+01  -8.2279e+01 
     29.98  -8.8532e+01  -8.6243e+01  -8.7139e+01  -8.6463e+01  -8.6529e+01  -8.5760e+01  -8.2932e+01  -8.2506e+01  -8.2279e+01 
     30.23  -8.8532e+01  -8.6243e+01  -8.7139e+01  -8.6463e+01  -8.6529e+01  -8.5760e+01  -8.2932e+01  -8.2506e+01  -8.2279e+01 
     30.48  -8.8532e+01  -8.6243e+01  -8.7139e+01  -8.6463e+01  -8.6529e+01  -8.5760e+01  -8.2932e+01  -8.2506e+01  -8.2279e+01 
     30.73  -8.8532e+01  -8.6243e+01  -8.7139e+01  -8.6463e+01  -8.6529e+01  -8.5760e+01  -8.2932e+01  -8.2506e+01  -8.2279e+01 
     30.98  -8.8532e+01  -8.6243e+01  -8.7139e+01  -8.6463e+01  -8.6529e+01  -8.5760e+01  -8.2932e+01  -8.2506e+01  -8.2279e+01 
     31.23  -8.8532e+01  -8.6243e+01  -8.7139e+01  -8.6463e+01  -8.6529e+01  -8.5760e+01  -8.2932e+01  -8.2506e+01  -8.2279e+01 
     31.48  -8.8532e+01  -8.6243e+01  -8.7139e+01  -8.6463e+01  -8.6529e+01  -8.5760e+01  -8.2932e+01  -8.2506e+01  -8.2279e+01 
     31.73  -8.8532e+01  -8.6243e+01  -8.7139e+01  -8.6463e+01  -8.6529e+01  -8.5760e+01  -8.2932e+01  -8.2506e+01  -8.2279e+01 
     31.98  -8.8532e+01  -8.6243e+01  -8.7139e+01  -8.6463e+01  -8.6529e+01  -8.5760e+01  -8.2932e+01  -8.2506e+01  -8.2279e+01 
     32.23  -8.8532e+01  -8.6243e+01  -8.7139e+01  -8.6463e+01  -8.6529e+01  -8.5760e+01  -8.2932e+01  -8.2506e+01  -8.2279e+01 
     32.48  -8.8532e+01  -8.6243e+01  -8.7139e+01  -8.6463e+01  -8.6529e+01  -8.5760e+01  -8.2932e+01  -8.2506e+01  -8.2279e+01 
     32.73  -8.8532e+01  -8.6243e+01  -8.7139e+01  -8.6463e+01  -8.6529e+01  -8.5760e+01  -8.2932e+01  -8.2506e+01  -8.2279e+01 
     32.98  -8.8532e+01  -8.6243e+01  -8.7139e+01  -8.6463e+01  -8.6529e+01  -8.5760e+01  -8.2932e+01  -8.2506e+01  -8.2279e+01 
     33.23  -8.8532e+01  -8.6243e+01  -8.7139e+01  -8.6463e+01  -8.6529e+01  -8.5760e+01  -8.2932e+01  -8.2506e+01  -8.2279e+01 
     33.48  -8.8532e+01  -8.6243e+01  -8.7139e+01  -8.6463e+01  -8.6529e+01  -8.5760e+01  -8.2932e+01  -8.2506e+01  -8.2279e+01 
     33.73  -8.8532e+01  -8.6243e+01  -8.7139e+01  -8.6463e+01  -8.6529e+01  -8.5760e+01  -8.2932e+01  -8.2506e+01  -8.2279e+01 
     33.98  -8.8532e+01  -8.6243e+01  -8.7139e+01  -8.6463e+01  -8.6529e+01  -8.5760e+01  -8.2932e+01  -8.2506e+01  -8.2279e+01 
     34.23  -8.8532e+01  -8.6243e+01  -8.7139e+01  -8.6463e+01  -8.6529e+01  -8.5760e+01  -8.2932e+01  -8.2506e+01  -8.2279e+01 
     34.48  -8.8532e+01  -8.6243e+01  -8.7139e+01  -8.6463e+01  -8.6529e+01  -8.5760e+01  -8.2932e+01  -8.2506e+01  -8.2279e+01 
     34.73  -8.8532e+01  -8.6243e+01  -8.7139e+01  -8.6463e+01  -8.6529e+01  -8.5760e+01  -8.2932e+01  -8.2506e+01  -8.2279e+01 
     34.98  -8.8532e+01  -8.6243e+01  -8.7139e+01  -8.6463e+01  -8.6529e+01  -8.5760e+01  -8.2932e+01  -8.2506e+01  -8.2279e+01 
     35.23  -8.8532e+01  -8.6243e+01  -8.7139e+01  -8.6463e+01  -8.6529e+01  -8.5760e+01  -8.2932e+01  -8.2506e+01  -8.2279e+01 
     35.48  -8.8532e+01  -8.6243e+01  -8.7139e+01  -8.6463e+01  -8.6529e+01  -8.5760e+01  -8.2932e+01  -8.2506e+01  -8.2279e+01 
     35.73  -8.8532e+01  -8.6243e+01  -8.7139e+01  -8.6463e+01  -8.6529e+01  -8.5760e+01  -8.2932e+01  -8.2506e+01  -8.2279e+01 
     35.98  -8.8532e+01  -8.6243e+01  -8.7139e+01  -8.6463e+01  -8.6529e+01  -8.5760e+01  -8.2932e+01  -8.2506e+01  -8.2279e+01 
     36.23  -8.8532e+01  -8.6243e+01  -8.7139e+01  -8.6463e+01  -8.6529e+01  -8.5760e+01  -8.2932e+01  -8.2506e+01  -8.2279e+01 
     36.48  -8.8532e+01  -8.6243e+01  -8.7139e+01  -8.6463e+01  -8.6529e+01  -8.5760e+01  -8.2932e+01  -8.2506e+01  -8.2279e+01 
     36.73  -8.8532e+01  -8.6243e+01  -8.7139e+01  -8.6463e+01  -8.6529e+01  -8.5760e+01  -8.2932e+01  -8.2506e+01  -8.2279e+01 
     36.98  -8.8532e+01  -8.6243e+01  -8.7139e+01  -8.6463e+01  -8.6529e+01  -8.5760e+01  -8.2932e+01  -8.2506e+01  -8.2279e+01 
     37.23  -8.8532e+01  -8.6243e+01  -8.7139e+01  -8.6463e+01  -8.6529e+01  -8.5760e+01  -8.2932e+01  -8.2506e+01  -8.2279e+01 
     37.48  -8.8532e+01  -8.6243e+01  -8.7139e+01  -8.6463e+01  -8.6529e+01  -8.5760e+01  -8.2932e+01  -8.2506e+01  -8.2279e+01 
